900
3 23 40 91
1 52
5 4 6 7 72 86
5 3 5 17 89 91
9 12 30 37 46 47 51 63 71 74
8 5 30 40 53 73 74 94 97
3 37 54 95
6 7 14 49 70 94 96
6 24 31 41 75 76 78
10 7 12 31 33 55 57 58 71 91 100
3 3 4 12
7 17 19 38 45 59 67 98
8 19 22 24 33 35 36 39 73
6 13 26 47 85 89 91
6 1 30 32 40 51 84
2 25 60
2 45 72
4 20 25 42 94
5 12 20 42 89 94
6 26 42 48 49 50 64
10 17 18 25 30 48 50 67 70 86 98
6 20 27 34 95 96 100
8 19 29 45 51 54 77 90 96
8 4 23 30 32 63 74 78 97
10 5 64 65 70 79 88 89 90 91 99
10 27 43 45 47 50 54 56 85 86 87
1 80
8 19 20 27 38 44 58 67 92
7 33 38 57 67 68 78 88
7 10 13 39 45 61 64 100
4 25 47 48 100
5 6 9 59 64 83
2 15 53
5 1 27 40 56 71
7 3 5 15 22 71 80 89
1 81
5 30 47 48 74 77
1 20
1 89
2 20 78
3 23 76 82
1 33
8 18 19 37 52 53 54 59 99
6 1 8 17 38 40 89
8 12 14 42 52 59 70 81 99
2 3 13
7 3 13 32 39 41 51 88
5 30 35 47 51 77
4 27 41 43 97
10 12 14 27 35 38 59 64 70 77 90
3 10 27 93
5 10 19 49 92 98
1 25
6 13 36 68 79 84 98
6 6 36 38 46 64 83
1 94
9 4 20 24 45 49 60 77 92 97
7 3 5 38 44 74 77 96
8 15 20 41 42 73 77 83 84
5 3 37 54 62 70
5 22 29 46 63 85
5 7 21 43 76 99
8 4 7 45 61 69 71 82 87
9 10 11 34 40 77 82 90 96 97
9 14 18 26 29 36 42 73 75 96
6 18 46 54 73 74 77
8 29 35 43 59 63 81 82 85
4 20 27 62 72
10 18 32 47 48 68 74 81 92 95 99
10 4 10 24 25 30 53 75 89 90 97
9 12 17 43 53 61 73 75 82 91
6 16 17 35 42 63 84
4 13 29 49 92
3 6 66 83
6 11 13 29 59 63 86
3 29 68 69
3 38 64 81
7 13 35 41 50 68 77 86
2 75 83
7 7 41 55 67 70 90 100
8 4 11 15 32 33 51 71 96
5 16 29 47 59 92
4 25 61 68 88
8 22 48 55 57 61 62 64 81
9 3 27 32 58 69 75 87 91 93
6 26 74 76 92 94 99
9 7 12 23 32 40 43 56 94 99
6 4 12 32 35 52 96
9 7 11 17 25 37 57 63 85 93
4 48 64 86 93
2 19 34
1 79
1 74
6 3 10 15 75 84 90
4 27 41 66 75
6 1 24 32 40 63 81
1 9
6 18 24 52 63 92 95
8 3 16 46 47 77 79 83 89
8 31 32 67 69 74 75 83 86
8 1 7 9 32 40 41 46 96
4 44 70 82 84
2 36 96
9 11 26 27 34 39 63 73 75 92
2 86 89
4 43 53 73 74
10 1 20 28 35 49 72 75 76 78 82
1 60
10 10 11 27 33 34 39 40 85 88 96
1 62
4 18 31 60 94
3 70 92 96
3 62 65 79
8 8 13 19 23 32 33 62 97
4 41 77 90 98
9 18 23 25 28 31 50 67 90 93
2 65 92
2 15 48
7 4 8 25 30 46 81 83
4 11 27 34 69
5 5 26 31 53 54
2 1 16
6 16 51 54 55 65 97
2 36 69
9 2 12 13 21 52 82 91 94 98
8 13 20 27 47 51 53 86 87
4 28 46 52 70
2 5 74
9 11 23 38 44 50 53 71 83 92
5 13 32 80 88 91
10 20 31 37 43 46 54 71 79 91 94
4 27 38 47 56
7 11 34 36 56 59 69 99
4 1 4 17 56
5 61 80 84 97 99
1 55
8 6 7 12 45 50 64 94 100
2 3 96
8 15 38 47 54 55 70 80 90
2 45 83
4 13 14 27 55
7 12 14 29 31 83 88 100
5 8 15 62 71 94
7 21 49 52 55 62 85 95
4 2 31 68 69
5 9 42 64 76 77
10 2 8 26 36 46 51 56 59 61 68
6 2 5 27 48 49 75
8 44 46 49 62 68 71 77 94
2 3 94
10 1 27 33 62 76 79 80 86 87 93
6 28 39 57 72 87 91
6 6 40 43 68 91 95
7 8 14 71 73 75 76 99
5 26 51 56 61 93
4 15 16 30 49
2 81 95
8 21 27 42 48 50 54 79 92
6 13 16 44 57 70 80
9 2 25 34 38 45 52 55 58 66
6 46 67 72 86 92 98
8 22 29 50 66 71 73 90 95
3 21 73 78
7 38 46 63 72 77 78 96
10 10 33 67 68 69 74 75 84 86 87
3 6 55 91
6 1 50 53 79 82 99
10 9 15 29 36 39 47 49 51 70 77
9 7 11 17 19 44 53 56 81 86
3 4 30 75
2 42 63
1 27
6 19 24 66 84 86 91
3 9 41 93
8 8 40 47 56 59 67 82 96
1 28
6 8 13 15 22 36 89
6 8 9 18 20 51 64
9 5 15 18 20 35 38 47 54 85
2 80 93
3 46 60 100
1 57
4 12 25 90 96
4 50 64 85 90
3 4 41 49
7 10 28 33 41 72 82 87
7 3 12 16 20 32 33 69
6 20 21 49 64 95 97
4 22 61 66 85
8 32 33 45 52 57 84 90 93
8 19 39 44 56 60 65 76 93
4 1 3 58 71
5 42 59 82 83 89
2 92 93
7 19 59 66 71 72 82 99
6 24 48 51 58 87 96
3 14 21 95
4 9 33 87 94
7 21 23 28 43 63 74 75
9 4 5 13 25 30 41 66 69 96
5 28 36 65 69 76
3 68 92 99
10 8 18 28 30 43 51 74 75 95 96
4 9 10 39 95
3 29 46 88
1 41
9 27 28 44 58 60 61 67 84 94
3 23 78 79
10 3 11 16 39 70 71 75 86 92 96
7 1 6 70 72 86 89 95
4 66 71 91 93
6 13 25 26 29 69 91
4 7 35 74 96
7 24 29 42 49 63 86 88
7 2 26 27 60 66 69 79
2 47 64
10 2 13 23 41 45 65 68 72 74 86
10 6 20 27 35 49 56 61 62 63 85
4 32 68 73 93
6 2 10 11 51 55 70
1 70
1 54
9 4 21 25 29 36 49 60 85 88
1 69
8 15 24 63 71 80 88 95 96
6 38 47 49 52 56 98
9 2 3 5 11 31 41 43 52 68
5 31 45 59 95 99
5 10 50 68 75 76
4 22 69 71 90
8 24 30 40 45 49 51 98 99
9 23 36 40 61 65 78 82 88 89
2 28 49
9 11 14 22 29 32 42 51 63 82
6 17 20 25 26 81 93
1 48
8 2 19 53 71 89 90 91 93
7 8 17 33 47 66 77 95
4 2 29 41 67
5 22 40 41 63 82
7 1 11 32 55 80 81 87
3 19 86 96
2 12 79
7 2 12 15 32 36 42 86
5 17 18 54 67 94
1 84
1 41
6 27 33 42 43 81 97
3 5 69 99
9 34 46 63 65 69 76 79 96 99
10 2 12 37 41 69 73 76 82 91 94
7 15 21 28 33 50 85 86
5 26 49 53 69 96
9 29 36 40 44 61 66 68 84 85
8 1 18 27 28 54 80 96 97
3 36 95 97
10 4 7 14 28 29 43 71 76 85 91
8 7 10 19 21 45 49 69 72
6 3 22 33 45 65 81
3 4 37 87
6 9 23 58 74 86 91
5 6 7 16 27 83
4 37 41 63 89
8 1 8 20 30 36 37 44 77
10 12 13 21 34 36 42 88 94 95 100
7 11 27 63 65 69 77 99
6 34 58 59 72 85 93
6 35 44 58 61 64 71
1 100
5 32 40 73 76 87
2 2 38
7 4 9 19 28 29 62 77
1 65
8 10 18 29 33 43 70 79 90
1 13
7 38 48 52 81 82 88 93
6 2 20 40 44 90 96
1 65
3 2 71 79
8 17 35 53 71 82 87 98 100
2 3 68
8 4 6 17 38 51 57 91 97
1 24
10 20 48 49 53 56 58 60 62 66 83
5 10 30 63 82 97
3 69 89 90
5 14 16 43 55 87
5 1 16 27 29 39
8 7 24 32 72 74 87 94 96
4 9 11 20 100
4 2 17 48 77
8 6 8 37 58 74 85 87 99
7 22 51 67 80 83 93 96
6 15 31 44 53 64 88
8 4 19 68 74 80 92 96 100
10 16 18 28 34 53 65 71 77 81 83
5 19 21 26 58 87
10 4 7 13 28 33 43 46 49 75 96
5 20 39 42 82 97
3 3 16 18
5 4 37 57 68 69
1 54
3 26 48 53
3 44 74 84
7 19 28 45 47 73 75 85
4 19 25 62 90
2 24 41
3 53 73 79
5 2 8 29 48 81
10 19 33 34 40 46 71 74 86 93 95
3 13 30 44
8 19 27 35 60 67 76 78 96
1 34
2 48 71
4 10 30 59 96
6 3 16 27 37 69 72
8 12 15 43 65 67 74 78 90
7 3 37 41 55 56 79 100
8 9 22 31 32 33 49 62 89
7 7 66 80 84 87 94 98
3 20 53 97
8 2 3 76 78 89 92 98 99
2 10 63
6 19 20 22 36 78 88
8 6 19 28 45 57 61 85 99
3 8 15 64
10 8 20 31 45 54 59 62 69 70 88
8 13 22 29 42 50 62 68 81
5 11 70 76 83 92
2 40 85
8 2 6 11 22 52 63 67 99
5 3 13 27 33 71
3 19 58 65
3 6 43 61
2 51 96
9 14 22 35 36 48 57 59 72 91
4 7 24 39 72
3 24 85 95
10 10 14 29 41 63 78 86 89 91 99
10 11 13 22 23 26 57 58 63 88 92
5 8 22 28 90 93
7 24 35 65 67 84 89 93
5 6 13 20 73 97
5 31 35 62 69 90
8 4 8 38 51 56 57 58 83
7 4 20 46 54 63 67 73
2 71 72
10 3 13 19 20 24 28 31 41 56 87
4 14 41 46 67
2 27 91
8 7 27 35 37 70 73 87 95
5 7 21 48 54 61
5 30 34 48 67 97
1 52
8 21 26 34 42 48 50 52 63
2 59 63
7 35 39 48 56 84 86 99
8 3 4 8 38 46 56 75 81
8 2 7 24 42 48 51 87 100
4 54 62 73 94
9 5 43 44 46 64 67 73 81 84
6 40 46 78 83 91 93
3 32 40 45
3 8 41 76
2 37 70
8 2 3 24 37 53 64 73 75
2 9 13
6 5 12 29 44 58 68
8 9 27 54 60 67 72 83 96
7 3 23 28 32 34 69 72
1 1
2 8 39
5 20 38 75 81 86
4 55 65 87 90
1 9
9 42 44 57 65 67 77 89 92 99
2 33 79
2 29 43
9 10 11 30 31 37 57 59 69 72
6 9 10 27 41 63 95
5 8 27 37 59 66
9 6 14 25 28 64 77 86 88 99
8 13 41 52 63 66 71 91 97
7 11 40 50 73 79 83 99
5 33 47 73 75 76
9 6 10 37 38 43 70 79 80 92
6 21 28 39 40 45 89
8 10 18 45 52 63 72 93 99
8 16 18 20 39 57 58 70 85
8 26 45 48 65 69 75 78 99
9 1 18 39 49 71 80 82 92 95
7 3 21 45 50 65 83 98
7 13 31 34 64 66 98 100
10 1 7 10 25 28 43 57 78 85 90
8 29 36 56 57 59 65 67 99
4 4 42 86 88
6 34 39 41 68 71 89
9 3 4 11 24 47 57 59 60 98
8 3 11 12 40 41 74 87 97
10 6 16 26 44 50 52 58 59 72 74
4 32 45 46 61
7 14 27 34 35 75 88 89
7 15 25 31 32 49 66 75
2 49 85
7 3 15 24 42 53 67 97
10 3 17 20 22 23 24 45 60 73 80
4 1 6 35 62
10 12 20 21 31 40 43 57 77 78 90
7 10 20 21 26 50 63 78
10 1 15 19 25 38 43 59 61 93 94
6 3 13 22 62 72 95
10 1 23 25 27 47 64 66 69 70 71
6 16 31 53 59 79 94
2 32 33
9 8 14 32 66 73 78 80 88 95
10 1 12 31 52 59 68 71 73 88 96
7 4 26 33 66 74 78 86
3 25 26 95
3 6 19 91
1 68
4 21 34 39 94
1 48
3 2 7 94
3 82 96 99
3 3 75 79
7 25 30 41 49 63 90 100
7 6 8 18 28 52 94 95
7 1 2 5 8 32 57 83
2 20 94
1 22
8 2 9 11 33 36 48 49 82
1 71
6 3 13 46 58 59 78
6 22 45 59 73 91 94
8 5 16 32 39 48 63 76 98
4 23 40 52 69
7 2 8 17 58 66 75 90
8 6 25 40 54 58 62 67 92
1 93
9 9 31 40 57 68 82 83 86 90
8 10 34 38 39 52 54 77 90
1 79
7 20 24 28 61 63 83 99
4 10 44 73 75
4 4 60 87 91
3 17 28 52
3 33 35 59
6 32 56 65 81 86 98
3 10 28 30
4 23 30 50 65
4 28 36 52 92
6 25 38 59 63 72 81
4 27 69 76 94
9 14 23 32 39 53 55 75 77 91
7 16 17 23 63 74 86 100
10 10 25 35 36 41 51 70 76 88 95
9 3 9 10 27 58 65 78 85 98
5 26 29 40 41 44
3 47 69 88
10 1 26 30 39 40 41 48 56 73 91
6 3 7 20 27 29 55
6 45 56 62 83 84 92
8 12 46 49 58 62 78 89 95
4 2 7 13 86
9 23 50 51 60 69 73 91 95 100
3 41 68 89
2 36 64
6 1 3 7 28 38 80
6 43 48 50 90 91 99
7 5 33 45 52 69 78 91
2 45 79
8 1 2 51 60 66 72 87 90
10 2 5 12 28 55 74 75 82 86 90
9 6 22 33 37 47 48 97 98 99
3 13 41 96
6 21 22 75 93 98 100
9 12 40 56 60 70 72 73 81 92
3 6 45 53
6 5 24 57 73 86 98
4 24 40 77 88
10 1 23 43 44 54 56 72 86 87 94
6 27 31 41 59 64 91
5 16 22 49 73 88
1 33
10 9 12 24 33 56 70 73 76 85 92
10 11 12 13 15 49 53 60 68 97 100
4 5 59 73 81
5 30 74 76 78 79
9 8 14 28 33 36 46 72 75 94
6 17 22 23 32 45 100
9 4 13 14 39 67 70 80 85 97
3 59 60 64
2 16 98
3 29 73 74
9 6 23 25 29 44 53 73 87 99
5 15 18 67 89 96
7 18 51 54 66 68 77 95
2 8 94
3 23 62 66
10 13 21 34 45 58 60 72 89 92 95
7 10 35 56 66 69 77 91
7 24 40 52 56 58 66 78
3 4 26 70
2 22 43
8 8 17 18 45 51 68 79 82
3 1 18 93
1 74
9 34 44 45 50 57 79 83 94 99
2 34 47
4 22 27 45 75
10 15 16 28 31 35 46 64 71 84 94
2 80 91
1 3
3 5 86 89
5 21 24 36 50 99
3 6 17 51
7 6 40 52 68 80 93 99
5 10 53 58 83 100
9 12 22 31 40 64 72 74 89 100
2 8 32
1 80
4 8 14 57 61
5 21 46 58 62 63
10 2 10 11 19 40 43 64 78 82 85
7 2 3 6 31 46 59 75
3 46 50 82
3 4 16 100
1 57
9 10 22 27 29 52 68 85 90 99
2 77 79
8 15 19 22 38 50 53 88 89
6 4 5 72 73 74 90
8 39 66 69 72 74 83 88 91
8 2 16 57 70 72 73 77 81
2 2 93
7 2 43 51 54 81 92 96
6 15 22 30 48 78 93
2 59 61
9 7 10 22 52 62 65 75 83 89
8 4 17 20 23 24 40 62 89
10 1 14 27 50 53 79 85 87 93 98
5 37 64 69 84 98
7 3 7 15 25 75 91 95
4 13 16 23 38
4 6 17 51 81
7 10 26 40 67 81 84 95
4 15 27 82 85
3 13 57 74
9 7 11 28 40 65 85 96 97 100
6 7 12 20 50 55 98
8 5 7 21 58 77 78 79 86
7 18 21 25 47 66 74 76
2 65 86
9 1 3 29 49 54 65 66 83 89
2 91 97
4 29 70 82 96
6 24 30 51 64 86 95
8 8 14 32 49 60 84 86 87
3 18 60 80
1 72
10 2 27 37 44 61 71 86 88 98 100
4 35 60 68 92
7 37 39 42 59 68 75 80
6 4 9 35 65 82 83
5 12 17 23 34 35
9 3 19 22 37 52 53 63 70 76
1 42
4 11 38 44 65
8 4 24 31 55 58 65 73 80
3 47 73 91
5 12 17 32 65 70
4 1 19 58 75
5 5 18 44 46 78
10 4 18 23 32 44 48 72 80 87 91
8 18 27 28 42 48 52 70 78
4 16 25 27 77
3 46 81 94
9 4 9 22 25 31 65 68 73 99
8 19 29 30 36 38 57 63 68
6 4 21 25 42 64 81
3 43 66 94
6 19 30 32 44 47 84
9 16 27 28 32 41 44 66 71 93
9 17 18 47 66 68 71 85 86 88
5 9 33 51 65 86
2 44 96
6 15 36 49 66 92 100
6 1 20 32 39 47 95
10 28 34 42 47 51 60 65 72 75 76
3 24 27 43
7 12 46 51 68 84 86 100
9 7 8 19 24 47 48 56 69 77
6 11 34 38 40 42 68
3 30 40 60
1 8
1 40
10 13 14 18 50 51 55 56 63 79 83
4 13 23 33 48
7 8 15 26 41 56 58 90
10 5 17 18 21 25 40 46 74 88 93
6 4 17 36 53 76 91
1 43
8 3 5 12 76 82 87 88 100
9 9 21 37 50 55 59 68 79 99
4 39 47 62 90
1 14
9 4 9 12 22 31 69 72 89 95
4 7 35 56 58
6 18 68 78 88 89 95
3 4 20 34
2 18 51
9 15 21 37 47 56 59 72 78 80
8 26 30 54 56 57 64 94 95
4 4 85 86 95
2 44 94
9 8 15 43 54 56 65 71 92 93
6 35 39 46 93 97 98
9 33 46 56 66 67 70 81 83 84
1 46
7 24 29 37 49 60 65 92
8 6 7 17 30 36 89 91 92
4 7 64 98 100
3 3 4 39
9 4 9 33 41 47 55 73 85 91
1 32
3 31 65 80
1 75
5 8 13 39 59 64
3 89 93 97
5 24 52 72 78 85
10 16 26 33 37 55 60 61 75 76 84
5 2 21 27 80 89
4 26 70 71 73
4 16 30 34 59
10 11 20 23 31 49 65 69 82 91 94
6 2 10 20 37 55 71
8 1 26 31 37 39 48 55 83
3 1 66 83
3 51 52 89
7 2 7 17 38 50 72 75
3 29 72 95
1 36
3 36 70 92
1 3
7 6 14 20 41 46 57 99
8 10 15 23 38 41 69 79 95
9 28 32 48 53 65 89 91 97 98
6 14 46 52 55 84 93
8 26 36 48 51 55 78 94 99
9 7 10 17 19 30 39 74 83 95
3 40 64 77
8 1 5 35 45 75 80 86 89
1 9
9 20 22 27 37 41 47 68 76 99
2 78 80
1 15
2 46 79
1 38
4 40 84 89 99
1 53
8 19 22 23 30 33 41 60 97
10 2 16 23 26 47 48 54 76 79 99
4 16 21 32 92
2 22 89
8 8 19 38 46 47 71 84 94
8 7 21 30 48 61 63 80 91
1 60
1 73
3 20 30 68
4 14 54 56 94
8 19 27 30 37 63 69 80 94
3 12 43 54
9 3 21 65 80 81 83 85 92 100
10 25 27 42 46 50 59 64 67 70 90
8 6 7 20 23 29 70 94 100
8 1 2 10 15 33 48 49 96
1 19
9 5 10 11 14 25 27 54 63 71
5 43 49 65 75 93
5 14 26 35 74 79
10 14 24 31 39 47 58 79 86 88 97
9 3 20 59 60 61 76 93 94 96
7 31 36 37 41 53 65 68
1 25
7 9 23 25 50 69 71 92
6 5 7 39 68 77 98
3 3 30 63
4 52 67 82 84
4 42 65 85 86
7 4 35 51 76 85 89 90
3 43 57 77
2 3 71
5 33 35 50 60 61
4 37 42 65 79
9 4 16 20 53 55 63 79 81 100
4 25 34 42 48
5 7 14 22 84 99
1 54
1 52
10 6 13 28 35 47 51 88 90 91 93
8 4 31 57 62 76 82 94 95
8 5 11 17 19 24 45 78 80
9 10 24 67 69 72 77 79 90 92
7 34 36 39 72 73 74 90
10 10 12 28 30 43 60 71 77 81 86
5 38 42 48 76 93
7 28 35 42 49 57 88 90
8 9 10 30 40 53 65 74 82
4 1 62 77 81
2 38 49
9 16 30 41 47 70 72 87 90 99
6 7 22 50 52 85 87
4 33 49 75 83
3 66 73 96
9 7 16 26 31 44 67 85 89 94
7 31 34 43 47 64 72 73
2 32 38
9 8 14 18 27 51 61 97 98 99
10 2 7 8 36 60 62 69 85 97 98
5 34 49 87 96 98
2 48 86
8 28 35 45 61 67 77 81 88
2 11 100
6 4 55 56 59 85 95
7 7 10 17 66 71 82 86
5 10 34 52 54 98
6 8 41 61 62 66 78
5 2 40 52 87 93
2 25 96
10 5 10 11 39 53 55 64 74 79 87
1 83
4 36 37 83 96
6 18 19 43 56 77 98
4 10 13 20 44
7 3 7 59 67 83 90 98
7 14 24 32 42 86 90 99
7 3 8 14 22 43 58 92
6 5 25 38 62 70 97
2 4 61
6 10 27 30 59 84 88
5 4 13 54 56 78
5 11 56 58 65 71
2 33 50
10 24 31 43 62 67 73 78 79 84 87
6 23 43 49 59 72 81
1 18
3 36 42 98
3 64 67 83
8 11 13 14 15 20 41 69 95
10 23 43 49 68 70 80 85 88 90 91
2 51 68
5 5 12 32 34 62
6 9 24 36 47 53 99
3 58 64 100
10 3 8 28 50 53 72 80 84 88 94
3 7 13 19
9 17 24 46 52 58 67 70 75 81
7 12 13 14 36 52 61 87
2 48 87
5 3 52 64 76 87
9 10 31 36 41 49 55 68 93 96
1 9
2 9 43
9 28 38 43 45 63 65 67 68 100
2 26 60
9 4 6 37 43 69 86 92 95 98
5 30 54 62 69 85
6 15 21 39 43 49 96
3 39 68 91
10 5 15 27 30 38 42 55 72 90 96
5 10 26 40 90 92
2 44 94
7 24 43 47 58 59 63 76
1 95
8 4 51 57 58 62 68 89 92
9 9 10 19 23 34 39 58 77 98
1 61
6 24 55 73 79 86 94
2 70 99
3 22 39 90
9 3 4 15 17 20 60 69 75 91
9 3 16 23 34 44 45 56 78 92
4 11 43 50 65
1 34
1 17
9 5 6 18 56 57 60 70 81 86
3 17 36 39
8 3 39 41 44 61 73 88 97
3 18 48 87
4 32 60 69 78
5 43 59 64 77 95
6 9 15 39 71 82 97
8 6 20 23 30 34 61 75 87
8 1 4 39 43 54 62 88 92
8 7 37 41 55 62 63 70 93
2 73 95
7 8 9 14 83 90 96 99
5 13 36 60 69 70
9 15 20 44 53 68 70 79 84 95
10 1 9 18 20 28 31 32 41 51 88
1 86
3 33 41 44
1 28
5 3 27 92 98 100
6 21 24 38 41 43 78
8 8 11 23 55 56 72 82 83
9 10 20 29 35 38 41 43 62 91
6 17 23 33 34 51 77
9 20 28 35 54 58 62 81 82 96
2 48 84
3 61 81 83
2 76 85
9 4 6 12 27 35 61 64 97 100
4 6 21 36 65
2 70 87
1 28
7 14 41 45 46 65 69 83
1 77
1 14
2 25 63
1 85
7 3 21 23 43 51 80 98
6 3 15 23 66 75 97
1 85
4 8 22 41 55
3 39 44 50
6 2 10 42 52 83 87
3 12 21 80
3 70 83 100
7 1 12 25 52 63 69 79
1 19
4 1 5 70 100
6 4 34 46 58 77 91
4 56 65 66 85
7 6 36 58 60 65 88 96
4 17 49 58 90
5 20 51 80 94 100
5 10 16 42 64 81
7 21 23 28 63 67 89 93
5 12 46 59 68 70
2 27 44
8 11 13 29 34 37 40 53 73
5 31 77 80 83 90
1 80
8 12 20 24 40 56 66 68 94
5 8 9 62 71 96
9 1 7 27 36 54 63 82 90 96
10 14 15 18 42 43 59 60 95 98 99
8 1 24 25 42 57 66 73 93
7 5 16 19 27 68 82 89
10 2 5 42 48 49 72 76 78 83 86
6 5 9 10 46 55 99
6 22 49 78 81 82 92
2 29 49
1 43
4 18 79 81 86
2 26 76
1 63
1 41
3 54 62 65
10 2 23 27 34 37 40 62 69 85 88
1 65
8 10 15 21 27 65 84 96 100
10 20 26 49 57 59 80 83 89 92 95
6 23 40 55 67 83 93
8 4 19 43 55 57 74 86 100
1 18
1 27
1 65
8 1 24 33 48 56 70 79 86
5 1 39 50 76 91
7 10 11 17 22 69 92 94
6 3 6 54 57 73 96
6 12 37 39 62 68 91
9 16 30 32 64 77 84 86 94 99
1 54
10 8 39 41 43 49 64 76 78 82 83
4 46 47 85 91
8 8 42 55 79 85 89 96 98
2 46 69
10 9 33 43 49 53 68 71 84 87 94
2 66 68
1 25
9 7 18 19 28 38 41 73 95 100
1 9
10 5 21 27 28 30 35 55 64 71 84
8 7 25 29 31 58 74 81 99
6 11 58 67 73 82 93
4 73 79 87 100
6 40 49 71 74 93 94
6 29 41 65 70 88 96
2 43 52
8 8 21 22 26 35 39 48 71
8 18 25 37 46 51 52 67 100
7 1 15 28 38 43 71 76
2 25 59
8 26 27 50 51 56 64 78 92
3 1 23 51
4 29 32 78 95
2 53 82
