10000
1 2
2 1 3
3 2 5 9
1 10
2 3 4
2 7 8
1 6
2 6 9
2 3 8
2 4 11
1 10
2 16 17
1 14
2 13 15
1 14
2 12 15
1 12
3 19 24 26
2 18 20
1 19
2 22 23
2 21 26
1 21
2 18 23
2 26 27
3 18 22 25
1 25
0
1 30
2 29 38
1 43
1 31
0
1 33
0
1 35
0
2 30 37
0
1 39
1 42
1 41
1 31
0
1 49
1 45
1 48
1 47
2 45 50
1 49
2 52 53
2 51 59
2 51 54
1 53
0
1 55
1 58
1 57
1 52
0
0
1 61
0
2 63 67
0
2 65 69
1 64
1 67
3 66 70 73
2 69 74
1 72
1 71
1 69
2 70 73
1 86
2 77 79
2 76 80
1 86
2 76 78
3 77 81 85
1 80
0
1 82
1 85
2 80 84
2 75 78
4 88 89 90 91
2 87 91
2 87 88
1 87
3 87 88 90
3 93 95 96
1 92
1 93
1 92
2 92 95
2 104 105
1 106
2 98 103
2 101 103
2 100 102
1 101
3 99 100 102
1 97
2 97 104
1 98
1 106
1 123
1 110
1 109
1 116
2 111 116
1 122
1 113
0
3 111 112 115
1 121
1 117
1 120
1 119
2 117 122
2 113 121
1 108
0
0
1 125
2 128 136
2 127 133
1 131
1 129
2 129 132
1 131
1 128
1 133
1 136
2 127 135
0
1 139
2 138 142
1 148
1 140
2 139 143
2 142 148
2 145 147
1 144
2 147 150
3 144 146 151
2 140 143
1 148
1 146
2 147 150
0
1 156
2 153 159
1 156
2 153 155
2 158 159
1 157
3 154 157 160
2 159 161
1 160
1 161
2 166 169
2 165 171
1 164
1 163
1 166
1 169
2 163 168
0
2 164 170
1 173
2 172 174
1 173
0
2 175 179
1 178
2 177 179
2 176 178
2 181 182
3 180 182 185
4 180 181 184 185
0
3 182 183 185
3 181 182 184
1 188
1 188
4 186 187 190 194
1 192
3 188 189 195
1 192
2 189 191
1 194
2 188 193
1 190
0
0
2 197 204
1 200
2 199 205
1 202
1 201
0
2 198 203
1 200
0
1 210
2 207 214
1 210
3 207 209 212
1 212
2 210 211
0
2 208 213
3 217 218 220
0
3 215 216 220
2 215 219
1 218
2 215 217
2 224 227
1 227
1 222
1 221
2 224 228
1 227
3 221 222 226
2 225 235
1 228
1 233
2 230 232
1 231
2 230 232
0
2 228 234
1 237
3 236 238 241
2 237 240
1 242
2 238 239
2 237 242
2 239 241
0
1 254
2 246 247
2 245 253
2 245 256
1 247
0
1 249
1 252
1 251
2 246 254
2 244 253
1 256
2 247 255
0
1 259
1 258
1 261
1 260
0
3 262 265 266
0
2 263 264
2 263 267
1 266
0
0
1 271
1 270
1 273
1 272
2 275 280
1 274
0
1 276
0
1 278
1 274
1 282
3 281 288 289
2 282 284
1 283
2 284 290
1 287
1 286
1 282
2 282 288
1 285
1 295
2 293 294
2 292 295
2 292 295
3 291 293 294
2 307 308
0
2 297 300
2 300 305
2 298 299
0
1 301
1 304
2 303 305
3 299 304 306
2 305 310
2 296 308
2 296 307
1 310
2 306 309
1 317
1 313
1 312
1 315
1 314
1 317
2 311 316
1 319
1 318
1 321
4 320 322 323 334
2 321 324
1 321
3 322 323 335
0
1 325
1 328
1 327
1 330
1 329
1 333
2 331 334
2 331 334
3 321 332 333
1 324
1 337
2 336 346
1 337
1 340
1 339
1 346
1 341
2 344 345
1 343
2 343 347
4 337 341 345 347
3 345 346 348
1 347
0
0
1 352
1 351
0
1 353
2 356 357
2 355 362
2 355 358
1 357
0
1 359
0
2 356 361
0
2 368 371
1 366
1 365
1 368
2 364 367
0
1 369
1 364
0
1 378
1 373
0
1 375
0
3 373 377 381
1 380
1 379
2 378 382
1 381
0
1 383
1 390
0
1 386
2 389 390
1 388
2 385 388
2 392 393
3 391 393 395
2 391 392
1 395
2 392 394
3 398 400 401
1 403
4 396 397 399 403
2 398 401
3 396 399 401
3 396 399 400
1 401
2 397 398
0
3 406 412 413
1 405
1 408
2 407 413
1 410
1 409
1 412
2 405 411
2 405 408
0
2 416 420
2 415 418
0
2 416 417
0
2 415 419
0
2 423 424
2 422 430
1 422
2 424 427
1 431
3 425 426 429
2 429 431
2 427 428
1 423
3 426 428 430
0
2 434 436
1 433
2 436 437
3 433 435 439
3 435 438 439
1 437
2 436 437
1 439
0
0
2 444 445
2 443 446
2 443 446
2 444 445
0
1 455
2 455 458
2 449 457
1 452
2 451 456
0
2 453 459
4 448 449 456 457
2 452 455
2 450 455
2 449 457
1 454
0
2 462 471
1 461
0
3 463 465 466
2 464 466
3 464 465 467
2 466 468
2 467 474
1 471
1 469
2 461 469
1 471
1 474
2 468 473
0
2 477 480
1 476
1 483
2 478 483
1 476
1 480
0
3 478 479 482
0
1 486
2 485 494
1 488
3 487 490 491
1 493
2 488 489
1 488
2 491 494
1 489
3 486 492 493
0
1 499
2 496 500
2 499 500
2 496 498
3 497 498 501
1 500
3 507 509 510
0
2 503 506
2 506 511
2 504 505
2 502 508
2 507 509
3 502 508 510
2 502 509
2 505 512
1 511
2 515 517
0
2 513 514
1 517
2 513 516
0
1 520
3 519 521 522
3 520 522 523
3 520 521 523
2 521 522
0
2 530 536
1 525
1 528
1 527
0
3 525 529 538
1 536
1 531
0
1 533
1 536
3 525 531 535
2 538 539
2 530 537
1 537
0
1 544
2 541 543
1 542
2 541 543
1 546
1 545
0
1 557
2 550 556
1 549
1 552
1 551
2 554 559
2 553 558
1 556
3 549 555 563
1 548
2 554 557
2 553 560
1 559
1 562
1 561
1 556
0
2 573 576
1 565
1 569
1 567
1 567
1 569
1 572
1 571
2 565 578
1 573
1 576
2 565 575
0
2 573 577
0
2 581 582
1 580
1 580
2 582 587
1 587
1 584
0
3 583 584 586
0
2 595 596
2 591 597
1 590
1 593
1 592
1 595
2 589 594
1 589
2 590 596
0
1 598
0
2 602 606
1 601
2 604 606
1 603
0
3 601 603 605
1 609
1 607
1 607
1 609
0
0
2 614 620
1 613
0
2 615 617
2 616 618
1 617
0
2 613 619
1 622
1 621
0
1 623
2 628 629
0
2 626 631
2 625 629
2 625 628
1 631
2 627 630
1 633
1 632
0
1 636
2 635 641
0
1 637
0
1 639
4 636 642 643 645
1 641
2 641 644
1 643
1 641
1 645
1 648
1 647
0
1 660
2 652 658
2 651 662
2 654 662
1 653
0
2 655 664
0
2 651 657
0
2 650 659
1 662
3 652 653 661
1 664
2 656 663
1 674
1 672
2 666 675
0
1 668
0
1 670
1 666
2 672 674
3 665 673 675
2 667 674
0
0
2 679 681
2 678 685
1 681
2 678 680
2 683 685
1 682
0
3 679 682 684
0
2 688 690
3 687 689 692
2 688 692
1 687
1 690
3 688 689 693
1 692
4 696 697 699 701
1 696
3 694 695 698
1 694
2 696 697
2 694 700
1 699
2 694 702
2 701 703
1 702
1 706
2 706 707
2 704 705
1 705
1 707
2 713 714
1 711
2 710 713
2 713 722
3 709 711 712
3 709 716 721
1 714
3 714 717 719
1 716
1 719
2 716 718
1 721
2 714 720
1 712
1 722
0
1 726
1 725
2 726 740
0
1 728
1 731
1 730
0
1 732
2 735 736
2 734 737
1 734
2 735 736
0
1 738
1 727
1 747
0
1 742
1 745
3 744 749 755
0
2 741 746
2 749 753
2 745 748
0
1 750
1 753
2 748 752
1 755
2 745 754
1 760
2 758 762
1 757
0
4 756 759 767 768
2 762 763
2 757 761
1 761
1 763
2 766 767
1 765
3 760 765 768
2 760 767
0
0
2 770 774
1 773
1 772
2 771 775
1 774
1 777
2 776 780
1 779
2 778 783
1 777
1 780
1 783
2 779 782
1 785
2 784 786
3 785 787 789
3 786 788 790
1 787
1 786
2 787 789
1 796
0
2 792 797
2 795 796
2 794 796
4 791 794 795 797
2 793 796
0
1 800
1 799
1 802
1 801
1 804
1 803
0
1 814
1 808
2 807 812
2 810 811
1 809
3 809 813 814
2 808 811
2 811 814
3 806 811 813
0
1 817
2 816 819
0
2 817 818
0
2 822 829
1 821
2 824 827
1 823
0
1 825
2 823 833
2 827 834
1 821
1 829
1 832
1 831
1 827
2 828 833
1 850
0
2 836 844
0
1 838
0
1 840
1 843
2 842 848
1 837
2 844 846
2 845 847
1 846
2 843 849
1 848
1 835
1 854
2 853 855
2 852 855
2 851 855
3 852 853 854
1 858
1 858
2 856 857
2 860 862
1 859
0
2 859 861
1 864
1 863
1 866
1 865
0
1 867
0
1 869
0
1 874
1 874
5 872 873 881 882 886
0
3 875 878 880
1 878
3 876 877 885
0
2 876 879
2 874 882
2 874 881
1 884
1 883
1 878
2 874 885
0
2 889 890
2 888 893
1 888
2 890 893
0
3 889 891 892
1 896
0
3 894 895 906
1 898
1 897
0
1 899
1 902
1 901
1 904
1 903
1 906
2 896 905
1 915
0
3 908 914 915
0
1 910
2 913 918
1 912
1 909
4 907 909 914 919
0
2 916 921
2 912 919
2 915 918
0
2 917 920
1 925
1 924
2 923 926
2 922 926
2 924 925
0
3 930 931 934
1 930
2 928 929
2 928 932
1 931
1 937
2 928 933
0
1 935
1 933
0
1 940
1 939
1 942
1 941
0
1 943
0
2 945 947
2 946 948
1 947
1 952
1 949
1 952
2 949 951
0
2 955 959
4 954 956 959 960
1 955
1 958
1 957
2 954 955
2 955 959
0
1 961
1 964
1 963
1 966
1 965
0
2 971 974
1 970
1 969
2 968 973
2 971 974
2 971 974
3 968 972 973
3 977 979 981
2 977 982
2 975 976
0
2 975 978
0
2 975 980
1 976
2 982 985
1 985
2 983 984
1 991
0
1 987
1 995
1 989
1 986
2 991 993
1 992
1 993
1 989
0
3 998 999 1000
2 997 999
3 997 998 1000
2 997 999
3 1002 1003 1005
3 1001 1004 1005
2 1001 1002
1 1002
3 1001 1002 1004
0
2 1008 1010
3 1007 1010 1011
0
4 1007 1008 1009 1011
3 1008 1010 1012
1 1011
0
0
1 1014
2 1019 1023
1 1016
1 1019
3 1016 1018 1020
2 1019 1021
1 1020
0
2 1016 1022
1 1028
0
1 1025
1 1028
2 1024 1027
2 1030 1033
2 1029 1034
1 1032
1 1031
1 1029
2 1030 1033
1 1036
2 1035 1037
1 1036
2 1041 1043
2 1040 1041
1 1039
4 1038 1039 1042 1043
1 1041
2 1038 1041
1 1045
3 1044 1046 1049
2 1045 1050
1 1049
2 1047 1050
3 1045 1047 1050
3 1046 1048 1049
2 1055 1057
1 1056
1 1052
2 1055 1056
3 1051 1054 1057
3 1052 1054 1057
4 1051 1055 1056 1059
1 1059
2 1057 1058
1 1065
1 1064
1 1061
2 1064 1066
3 1061 1063 1065
3 1060 1064 1066
2 1063 1065
1 1071
1 1073
2 1068 1070
1 1069
3 1067 1070 1072
1 1071
2 1068 1072
0
1 1076
2 1075 1080
0
1 1077
2 1080 1082
2 1076 1079
1 1082
2 1079 1081
1 1086
1 1085
1 1084
3 1083 1089 1096
1 1086
2 1089 1091
2 1086 1088
1 1091
2 1088 1090
1 1093
1 1092
1 1095
1 1094
2 1086 1097
1 1096
0
0
2 1107 1109
2 1100 1102
1 1101
2 1102 1108
1 1106
1 1104
2 1104 1109
2 1100 1106
2 1103 1109
3 1100 1106 1108
1 1112
3 1113 1114 1115
2 1110 1111
3 1111 1114 1115
2 1111 1113
3 1111 1113 1116
1 1115
2 1120 1121
1 1119
2 1118 1121
2 1117 1121
3 1117 1119 1120
0
1 1124
2 1123 1129
1 1126
1 1125
1 1128
1 1127
1 1124
1 1129
1 1135
1 1131
1 1134
1 1133
2 1131 1136
1 1135
1 1147
2 1139 1141
2 1138 1142
1 1141
2 1138 1140
1 1139
1 1142
1 1145
1 1144
1 1147
2 1137 1146
0
1 1152
1 1159
1 1150
2 1149 1156
1 1152
2 1157 1162
1 1154
1 1152
2 1154 1156
1 1159
2 1150 1158
1 1161
2 1160 1162
2 1154 1161
1 1162
0
1 1166
2 1165 1170
1 1169
2 1167 1170
2 1167 1172
3 1166 1168 1169
1 1172
2 1169 1171
0
2 1175 1179
2 1174 1179
1 1178
2 1176 1178
4 1176 1177 1179 1180
3 1174 1175 1178
1 1178
0
2 1183 1184
3 1182 1184 1186
2 1182 1183
1 1184
3 1183 1187 1188
3 1186 1188 1191
3 1186 1187 1189
1 1188
0
2 1187 1190
2 1193 1198
2 1192 1194
1 1193
1 1198
1 1195
2 1198 1199
3 1192 1195 1197
2 1197 1200
2 1199 1202
1 1202
2 1200 1201
0
1 1203
1 1210
1 1207
1 1206
1 1209
1 1208
1 1205
1 1210
1 1213
1 1212
0
1 1214
1 1217
1 1216
0
2 1221 1222
3 1222 1225 1226
3 1219 1220 1222
3 1219 1220 1221
1 1222
1 1225
2 1220 1224
1 1220
1 1233
1 1229
1 1228
2 1231 1233
1 1230
1 1233
3 1227 1230 1232
0
1 1239
4 1237 1239 1243 1246
3 1236 1244 1246
0
3 1235 1236 1238
1 1241
1 1240
1 1243
2 1236 1242
3 1237 1245 1247
1 1244
3 1236 1237 1247
2 1244 1246
0
0
2 1257 1260
2 1250 1256
1 1253
1 1252
0
1 1254
3 1251 1257 1263
2 1250 1256
0
1 1258
2 1250 1261
1 1260
0
2 1256 1262
0
0
1 1265
3 1268 1269 1271
1 1267
2 1267 1270
1 1269
2 1267 1272
2 1271 1273
1 1272
1 1282
1 1276
2 1275 1277
3 1276 1278 1280
2 1277 1281
1 1281
3 1277 1279 1281
4 1278 1279 1280 1282
2 1274 1281
0
1 1289
0
1 1285
0
1 1287
2 1284 1297
1 1289
1 1292
1 1291
1 1296
1 1293
0
2 1293 1295
1 1289
1 1304
2 1300 1301
2 1299 1304
2 1299 1302
1 1301
0
3 1298 1300 1303
2 1308 1312
0
1 1306
3 1305 1309 1312
1 1308
1 1318
1 1310
3 1305 1308 1313
2 1312 1316
1 1319
1 1314
2 1313 1317
1 1316
1 1310
2 1314 1318
1 1325
1 1325
3 1321 1323 1325
2 1322 1324
1 1323
3 1320 1321 1322
1 1325
2 1330 1333
1 1329
2 1328 1333
3 1327 1331 1332
1 1330
2 1330 1333
3 1327 1329 1332
3 1335 1337 1339
2 1334 1336
1 1335
3 1334 1338 1340
1 1337
1 1334
2 1337 1339
1 1344
0
1 1342
1 1341
1 1344
0
2 1346 1350
2 1349 1350
1 1348
3 1347 1348 1351
1 1350
1 1361
2 1354 1356
2 1353 1359
1 1356
2 1353 1355
1 1360
1 1357
2 1354 1361
2 1357 1359
2 1352 1359
2 1365 1366
1 1364
2 1363 1377
2 1362 1375
3 1362 1365 1375
1 1368
1 1367
0
1 1369
0
2 1371 1374
0
2 1372 1373
4 1365 1366 1376 1377
1 1375
2 1364 1375
2 1381 1383
1 1383
2 1379 1385
2 1378 1382
2 1381 1383
4 1378 1379 1382 1384
1 1383
1 1380
2 1388 1389
1 1388
2 1386 1387
2 1386 1390
1 1389
0
1 1396
1 1392
1 1399
1 1394
1 1392
1 1396
1 1399
2 1394 1398
0
0
3 1401 1404 1405
2 1407 1408
2 1402 1403
2 1402 1411
1 1405
2 1403 1408
2 1403 1407
0
1 1409
2 1405 1412
1 1411
2 1414 1418
3 1413 1417 1420
2 1414 1417
1 1421
3 1414 1415 1416
3 1413 1419 1421
2 1418 1421
2 1414 1421
4 1416 1418 1419 1420
0
1 1424
1 1423
1 1432
2 1425 1433
0
2 1427 1432
1 1430
1 1429
1 1432
3 1425 1428 1431
1 1426
1 1433
2 1436 1438
3 1435 1437 1439
3 1436 1438 1439
2 1435 1437
3 1436 1437 1438
2 1446 1448
0
2 1441 1445
2 1444 1451
1 1443
2 1442 1446
2 1440 1445
2 1448 1452
2 1440 1447
1 1450
1 1449
1 1443
2 1447 1451
0
1 1459
1 1460
2 1455 1461
1 1458
1 1457
1 1454
2 1455 1459
1 1456
1 1473
0
3 1463 1465 1473
2 1464 1466
2 1465 1474
2 1468 1470
1 1467
1 1470
2 1467 1469
1 1472
1 1471
3 1462 1464 1474
2 1466 1473
0
1 1481
1 1476
2 1479 1480
1 1478
2 1478 1481
2 1476 1480
1 1487
2 1486 1488
2 1483 1488
1 1488
2 1483 1485
1 1482
4 1483 1484 1485 1487
2 1490 1492
3 1489 1491 1492
1 1490
3 1489 1490 1493
1 1492
0
1 1505
2 1495 1506
2 1503 1505
2 1497 1500
1 1504
2 1498 1499
0
1 1501
2 1497 1504
2 1499 1503
3 1495 1497 1506
2 1496 1505
1 1509
2 1510 1511
3 1507 1508 1511
1 1508
3 1508 1509 1510
0
1 1515
4 1513 1515 1517 1518
4 1513 1514 1516 1518
1 1515
1 1514
3 1514 1515 1517
0
1 1521
3 1520 1527 1531
1 1523
2 1522 1527
1 1525
1 1524
1 1527
4 1521 1523 1526 1528
1 1527
1 1528
0
2 1521 1530
1 1533
1 1532
2 1535 1542
3 1534 1536 1538
1 1535
2 1538 1543
2 1535 1537
1 1540
1 1539
2 1542 1545
2 1534 1541
2 1537 1544
1 1543
2 1541 1546
1 1545
1 1551
2 1549 1550
3 1548 1550 1551
2 1548 1549
3 1547 1549 1550
1 1561
0
1 1553
2 1556 1557
2 1555 1560
1 1555
1 1557
0
2 1556 1559
1 1552
1 1572
0
2 1563 1571
2 1566 1572
1 1565
0
2 1567 1571
0
2 1569 1571
4 1564 1568 1570 1572
3 1562 1565 1571
0
0
2 1574 1578
0
2 1576 1580
3 1575 1579 1587
1 1578
3 1577 1581 1582
1 1580
2 1580 1583
2 1582 1584
1 1583
1 1584
0
2 1578 1586
0
0
3 1589 1594 1595
1 1592
2 1591 1596
0
3 1590 1593 1595
2 1590 1594
2 1592 1595
0
1 1605
1 1598
1 1601
1 1600
2 1603 1605
1 1602
1 1605
3 1598 1602 1604
0
0
2 1607 1619
0
1 1609
1 1616
1 1611
1 1614
1 1613
1 1616
2 1611 1615
1 1618
1 1617
1 1608
0
2 1622 1623
1 1621
1 1621
1 1623
0
0
2 1628 1639
3 1627 1634 1635
1 1636
1 1629
1 1632
1 1631
3 1634 1635 1639
2 1628 1633
3 1628 1633 1636
2 1629 1635
0
1 1637
2 1627 1633
2 1641 1645
2 1640 1642
4 1641 1644 1645 1648
1 1644
2 1642 1643
2 1640 1642
1 1645
0
2 1642 1647
0
0
1 1650
0
1 1652
2 1655 1656
1 1654
1 1654
1 1656
0
0
2 1661 1662
2 1660 1665
2 1660 1663
1 1662
2 1665 1667
3 1661 1664 1667
1 1667
3 1664 1665 1666
0
1 1673
1 1671
2 1670 1673
1 1673
3 1669 1671 1672
2 1675 1677
3 1674 1679 1681
1 1675
3 1674 1678 1680
1 1677
2 1675 1680
2 1677 1679
1 1675
1 1683
2 1682 1684
2 1683 1685
1 1684
1 1685
1 1701
0
1 1688
0
1 1690
1 1693
1 1692
1 1698
1 1694
1 1697
2 1696 1700
2 1694 1699
1 1698
2 1697 1701
2 1687 1700
0
3 1704 1705 1707
1 1703
2 1703 1706
2 1705 1708
2 1703 1708
2 1706 1707
0
1 1711
1 1710
3 1713 1716 1717
1 1712
1 1718
1 1714
1 1712
2 1712 1716
1 1714
0
1 1728
2 1720 1728
2 1723 1730
1 1722
1 1728
1 1724
0
1 1726
4 1720 1721 1724 1729
1 1728
1 1722
1 1730
0
0
0
1 1734
2 1737 1738
2 1736 1739
2 1736 1739
2 1737 1738
0
0
0
1 1742
0
1 1744
1 1747
2 1746 1748
1 1747
0
1 1751
2 1750 1752
2 1751 1753
1 1752
1 1759
3 1757 1758 1760
2 1755 1757
2 1755 1756
2 1755 1757
1 1754
2 1755 1759
0
0
1 1764
3 1763 1765 1766
1 1764
3 1764 1765 1769
0
1 1767
1 1766
1 1769
3 1775 1777 1782
1 1773
2 1772 1779
0
4 1771 1774 1784 1786
0
2 1771 1776
1 1779
2 1773 1778
1 1781
1 1780
1 1771
1 1782
1 1775
1 1784
1 1775
0
2 1789 1792
2 1788 1790
2 1789 1792
1 1790
3 1788 1790 1793
1 1792
0
2 1796 1800
1 1795
1 1798
2 1797 1803
0
3 1795 1799 1802
1 1802
2 1800 1801
3 1798 1804 1808
1 1803
1 1806
1 1805
1 1808
2 1803 1807
0
1 1820
1 1810
0
2 1812 1816
1 1815
1 1814
1 1813
1 1816
1 1819
1 1818
2 1810 1821
1 1820
0
1 1822
1 1828
0
1 1825
3 1828 1830 1831
2 1824 1827
1 1830
3 1827 1829 1833
3 1827 1832 1833
2 1831 1836
2 1830 1831
1 1833
0
2 1832 1835
0
3 1839 1840 1843
1 1838
2 1838 1845
1 1840
1 1843
3 1838 1842 1846
0
2 1840 1844
1 1843
1 1846
0
1 1848
0
0
2 1851 1859
1 1858
1 1853
1 1856
3 1855 1859 1860
0
3 1853 1857 1859
4 1852 1856 1858 1860
2 1856 1859
0
1 1861
2 1865 1866
1 1865
2 1863 1864
3 1863 1870 1871
1 1866
1 1869
1 1868
2 1866 1871
2 1866 1870
0
4 1874 1876 1877 1879
2 1873 1875
3 1874 1876 1878
2 1873 1875
2 1873 1878
2 1875 1877
1 1873
1 1881
2 1880 1882
2 1881 1884
1 1884
2 1882 1883
1 1887
1 1892
2 1885 1886
1 1889
1 1888
0
2 1890 1893
1 1886
2 1891 1892
0
0
1 1897
2 1896 1901
1 1899
1 1898
1 1901
2 1897 1900
1 1903
1 1902
0
1 1906
2 1905 1910
1 1908
1 1907
0
2 1906 1909
2 1915 1916
2 1913 1914
1 1912
1 1912
2 1911 1914
1 1911
1 1920
1 1927
2 1918 1925
2 1917 1921
1 1920
1 1923
1 1922
2 1925 1927
2 1919 1924
2 1927 1930
4 1918 1924 1926 1931
1 1929
1 1928
1 1926
2 1927 1930
2 1938 1939
2 1934 1936
1 1933
0
3 1933 1935 1939
0
2 1932 1937
2 1932 1936
0
2 1942 1943
1 1941
2 1941 1944
1 1943
1 1946
1 1945
1 1948
1 1947
0
0
0
2 1951 1961
0
1 1953
1 1961
2 1955 1959
1 1958
1 1957
2 1956 1960
1 1959
2 1952 1955
1 1961
0
0
2 1966 1968
2 1965 1969
0
3 1965 1967 1976
2 1966 1970
1 1969
0
1 1971
1 1974
2 1973 1976
1 1976
3 1968 1974 1975
0
1 1980
1 1982
2 1978 1979
2 1982 1986
2 1979 1981
1 1984
2 1983 1987
1 1987
2 1981 1985
4 1984 1985 1988 1989
1 1987
1 1987
1 1993
2 1992 2000
3 1991 1994 1996
1 1990
3 1992 1993 1995
2 1994 1996
2 1992 1995
2 1998 1999
1 1997
2 1997 2000
2 1991 1999
1 2002
3 2001 2003 2005
2 2002 2004
2 2003 2005
2 2002 2004
0
2 2008 2009
2 2007 2010
2 2007 2010
3 2008 2009 2012
1 2012
2 2010 2011
0
1 2015
2 2014 2022
1 2017
2 2016 2023
0
1 2018
1 2021
1 2020
1 2015
2 2017 2022
1 2025
1 2024
1 2027
2 2026 2028
1 2027
1 2033
1 2029
1 2032
1 2031
1 2029
1 2033
2 2036 2041
4 2035 2037 2039 2040
2 2036 2042
1 2039
2 2036 2038
2 2036 2041
2 2035 2040
1 2037
3 2044 2047 2048
3 2043 2046 2048
2 2044 2046
4 2044 2045 2047 2048
2 2043 2046
3 2043 2044 2046
0
1 2051
2 2050 2054
2 2053 2056
1 2052
1 2051
3 2054 2060 2061
1 2052
1 2056
1 2059
1 2058
1 2055
2 2055 2060
0
0
3 2063 2065 2066
2 2064 2066
3 2064 2065 2067
2 2066 2069
1 2067
3 2067 2070 2072
1 2069
1 2072
2 2069 2071
0
0
2 2074 2076
2 2075 2077
1 2076
2 2079 2081
2 2078 2086
1 2081
3 2078 2080 2084
1 2084
1 2082
2 2081 2082
1 2084
2 2079 2087
1 2086
3 2089 2090 2093
3 2088 2091 2092
2 2088 2089
3 2089 2092 2094
2 2089 2091
2 2088 2094
2 2091 2093
1 2105
1 2097
2 2096 2104
1 2099
1 2098
0
2 2100 2104
1 2104
1 2102
4 2097 2101 2102 2105
2 2095 2104
1 2107
2 2106 2108
2 2107 2109
1 2108
0
0
1 2113
1 2112
0
1 2114
1 2117
2 2116 2121
1 2119
1 2118
2 2121 2122
2 2117 2120
1 2120
0
1 2125
1 2124
1 2127
1 2126
1 2129
1 2128
1 2131
1 2130
2 2133 2137
1 2132
0
1 2134
1 2137
2 2132 2136
0
1 2142
0
2 2140 2143
2 2139 2143
2 2141 2142
0
1 2150
1 2150
1 2146
1 2150
2 2148 2150
4 2145 2146 2148 2149
1 2153
2 2158 2161
3 2151 2152 2158
1 2155
2 2154 2157
1 2157
2 2155 2156
3 2152 2153 2159
1 2158
1 2161
2 2152 2160
1 2165
2 2164 2166
2 2163 2165
3 2162 2164 2166
2 2163 2165
0
0
1 2168
1 2171
1 2170
2 2173 2176
3 2172 2175 2176
1 2173
1 2173
3 2172 2173 2175
1 2180
1 2179
1 2178
3 2177 2181 2182
2 2180 2182
2 2180 2181
3 2184 2187 2188
2 2183 2187
2 2184 2186
2 2185 2189
4 2183 2184 2186 2188
3 2183 2187 2189
2 2186 2188
1 2192
1 2192
2 2190 2191
1 2194
3 2193 2195 2201
4 2194 2196 2198 2201
2 2195 2202
0
2 2195 2197
0
1 2199
2 2194 2195
2 2196 2201
1 2205
0
3 2203 2204 2216
0
2 2206 2216
0
1 2208
0
1 2210
1 2213
2 2212 2217
1 2215
1 2214
2 2205 2207
2 2213 2216
0
2 2220 2221
1 2219
2 2219 2227
2 2221 2223
1 2222
1 2223
1 2226
1 2225
1 2221
3 2232 2233 2234
1 2230
2 2229 2232
1 2233
3 2228 2230 2231
3 2228 2231 2234
3 2228 2233 2236
1 2236
2 2234 2235
0
0
2 2240 2246
2 2239 2244
1 2249
1 2241
3 2244 2246 2253
2 2240 2243
1 2246
3 2239 2243 2245
1 2251
1 2247
2 2241 2250
1 2249
1 2247
1 2251
1 2243
0
0
1 2255
1 2258
1 2257
0
1 2259
1 2262
2 2261 2264
0
2 2262 2263
0
2 2265 2267
1 2266
1 2274
2 2270 2273
2 2269 2273
2 2272 2275
1 2271
3 2269 2270 2274
2 2268 2273
1 2271
0
1 2287
1 2277
1 2280
1 2279
1 2282
1 2281
2 2284 2289
1 2283
0
2 2285 2287
2 2277 2286
1 2287
2 2283 2290
1 2289
0
2 2293 2294
2 2292 2295
2 2292 2295
2 2293 2294
0
1 2296
1 2305
1 2300
1 2299
1 2302
4 2301 2303 2304 2309
2 2302 2304
2 2302 2303
2 2298 2306
2 2305 2307
2 2306 2308
2 2307 2312
1 2302
1 2309
1 2312
2 2308 2311
3 2317 2318 2320
2 2315 2319
2 2314 2320
1 2317
2 2313 2316
2 2313 2319
2 2314 2318
2 2313 2315
0
1 2323
2 2322 2328
1 2325
1 2324
1 2328
1 2326
2 2323 2326
0
2 2331 2333
2 2330 2337
1 2333
3 2330 2332 2337
1 2335
2 2334 2337
0
4 2331 2333 2335 2336
1 2339
1 2338
0
1 2345
0
1 2342
0
2 2341 2344
1 2347
1 2346
1 2350
2 2350 2351
2 2348 2349
1 2349
1 2351
1 2354
1 2353
1 2362
1 2358
2 2356 2360
1 2356
3 2358 2361 2364
1 2357
3 2359 2360 2362
3 2355 2361 2363
1 2362
1 2359
0
2 2367 2377
2 2366 2372
1 2369
2 2368 2377
0
1 2370
2 2367 2373
1 2372
0
1 2374
1 2377
3 2366 2369 2376
0
1 2378
0
3 2382 2388 2390
3 2381 2385 2387
1 2385
1 2383
2 2382 2383
1 2385
3 2382 2388 2391
2 2381 2387
0
2 2381 2389
1 2387
1 2397
1 2394
2 2393 2400
1 2396
2 2395 2397
2 2392 2396
1 2397
1 2400
2 2394 2399
1 2403
1 2412
3 2401 2402 2412
0
1 2404
1 2407
2 2406 2408
2 2407 2411
1 2408
0
2 2408 2410
2 2402 2403
3 2414 2415 2417
1 2413
3 2413 2414 2418
0
2 2413 2416
1 2415
0
2 2422 2424
1 2420
2 2420 2423
2 2422 2425
3 2420 2425 2429
2 2423 2424
2 2427 2429
2 2426 2429
0
4 2424 2426 2427 2428
0
2 2432 2433
2 2431 2442
3 2431 2434 2437
1 2433
1 2436
1 2435
1 2433
1 2437
0
1 2439
1 2442
2 2432 2441
0
1 2445
2 2444 2446
2 2445 2452
1 2446
3 2449 2451 2452
1 2448
1 2453
2 2448 2450
2 2446 2448
2 2450 2452
0
1 2462
2 2457 2468
1 2456
1 2459
2 2458 2462
1 2461
1 2460
2 2455 2459
2 2462 2466
0
1 2464
2 2463 2467
1 2466
1 2456
1 2468
2 2472 2481
2 2472 2478
3 2470 2471 2478
1 2474
1 2473
1 2476
1 2475
2 2478 2482
3 2471 2472 2477
0
1 2479
2 2470 2482
2 2477 2481
1 2484
1 2483
1 2484
0
1 2486
1 2497
0
1 2489
1 2499
1 2491
0
2 2493 2499
1 2496
1 2495
2 2488 2498
1 2497
3 2491 2494 2500
1 2499
1 2502
1 2501
0
0
2 2504 2513
1 2507
4 2506 2508 2510 2511
2 2507 2511
2 2508 2510
2 2507 2509
3 2507 2508 2510
0
2 2505 2512
0
1 2518
1 2517
2 2516 2524
3 2515 2519 2522
2 2518 2521
1 2521
3 2519 2520 2526
3 2518 2523 2526
1 2522
2 2517 2525
2 2524 2526
3 2521 2522 2525
0
2 2529 2534
2 2528 2534
2 2531 2533
1 2530
0
2 2530 2532
2 2528 2529
0
0
2 2536 2540
3 2539 2544 2547
1 2538
2 2537 2541
1 2540
1 2544
2 2542 2544
3 2538 2542 2543
1 2544
1 2547
2 2538 2546
0
2 2552 2555
0
4 2550 2552 2553 2556
2 2549 2551
3 2551 2552 2554
3 2553 2555 2557
2 2549 2554
1 2551
2 2554 2556
1 2564
3 2560 2563 2565
1 2559
1 2562
1 2561
2 2559 2564
2 2558 2563
3 2559 2566 2567
1 2565
1 2565
2 2572 2574
2 2570 2579
1 2569
1 2572
3 2568 2571 2575
0
3 2568 2573 2580
3 2572 2579 2580
1 2575
0
1 2577
3 2569 2575 2580
3 2574 2575 2579
1 2584
1 2584
2 2582 2585
3 2581 2582 2585
2 2583 2584
0
1 2588
4 2587 2589 2590 2591
2 2588 2591
2 2588 2591
3 2588 2589 2590
1 2593
2 2592 2595
1 2593
1 2593
1 2595
0
2 2602 2606
1 2600
1 2599
3 2602 2603 2605
2 2598 2601
2 2601 2604
3 2603 2605 2607
3 2601 2604 2606
2 2598 2605
2 2604 2608
1 2607
0
1 2611
2 2610 2615
1 2613
2 2612 2621
1 2620
2 2611 2614
0
1 2616
1 2619
1 2618
1 2614
2 2613 2620
0
0
0
1 2624
2 2627 2631
1 2626
0
1 2628
0
2 2626 2630
3 2633 2635 2636
3 2632 2634 2636
1 2633
2 2632 2636
4 2632 2633 2635 2637
1 2636
1 2646
1 2647
2 2639 2643
1 2648
2 2641 2646
1 2640
1 2643
0
3 2638 2642 2645
2 2639 2649
2 2641 2647
1 2647
0
3 2652 2655 2663
1 2651
1 2654
3 2653 2659 2663
2 2651 2662
1 2655
1 2658
1 2657
1 2654
1 2659
1 2662
2 2655 2661
2 2651 2654
2 2665 2667
3 2664 2666 2667
2 2665 2670
4 2664 2665 2668 2670
2 2667 2670
0
4 2666 2667 2668 2669
1 2674
2 2673 2683
1 2672
1 2671
1 2674
2 2678 2683
1 2676
1 2676
1 2678
1 2683
1 2680
0
4 2672 2676 2680 2682
1 2685
1 2684
0
2 2688 2691
3 2687 2689 2691
2 2688 2691
1 2691
4 2687 2688 2689 2690
0
0
2 2693 2696
0
3 2694 2695 2697
2 2696 2703
1 2697
0
1 2699
0
1 2701
1 2697
1 2710
2 2706 2710
1 2705
2 2708 2710
2 2707 2710
0
5 2704 2705 2707 2708 2709
1 2716
1 2719
1 2712
3 2715 2719 2720
1 2714
2 2711 2717
2 2716 2718
1 2717
3 2712 2714 2718
2 2714 2721
1 2720
2 2723 2724
1 2722
2 2722 2723
0
2 2725 2727
1 2726
1 2729
3 2728 2730 2732
2 2729 2734
2 2732 2733
3 2729 2731 2733
2 2731 2732
2 2730 2733
1 2739
1 2739
1 2736
1 2740
4 2735 2736 2738 2740
4 2738 2739 2741 2742
1 2740
1 2740
1 2742
1 2745
1 2744
0
2 2750 2752
2 2747 2750
1 2750
3 2747 2748 2749
1 2752
2 2747 2751
0
1 2755
2 2754 2756
2 2755 2759
1 2758
1 2757
1 2756
2 2761 2762
2 2760 2762
3 2760 2761 2763
3 2762 2764 2766
2 2763 2765
1 2764
2 2763 2765
0
1 2769
2 2768 2770
3 2769 2771 2773
1 2770
0
2 2770 2772
0
3 2776 2784 2786
1 2775
1 2778
1 2777
0
3 2779 2784 2787
2 2782 2783
1 2781
1 2781
3 2775 2780 2783
1 2786
2 2775 2785
1 2780
0
3 2790 2796 2798
2 2789 2798
1 2800
1 2791
0
1 2793
1 2796
2 2789 2795
1 2798
3 2789 2790 2797
1 2800
2 2791 2799
0
0
0
3 2803 2807 2814
1 2806
1 2805
2 2804 2808
1 2807
1 2810
1 2809
0
1 2811
1 2814
2 2804 2813
0
0
1 2827
1 2817
1 2820
2 2819 2821
1 2820
1 2821
2 2826 2830
3 2823 2825 2830
2 2824 2826
2 2823 2825
2 2817 2830
1 2827
0
4 2823 2824 2827 2829
0
1 2842
1 2832
0
2 2834 2842
1 2840
1 2836
1 2839
1 2838
2 2836 2841
1 2840
3 2832 2835 2843
1 2842
0
1 2850
0
1 2846
1 2855
2 2848 2852
2 2845 2856
1 2850
2 2849 2853
1 2852
1 2855
2 2848 2854
1 2850
2 2862 2866
2 2859 2865
1 2858
1 2861
2 2860 2863
1 2857
2 2861 2862
0
3 2858 2864 2866
2 2857 2865
0
1 2870
1 2868
2 2868 2876
1 2870
1 2877
2 2872 2877
0
1 2874
2 2870 2877
3 2872 2873 2876
1 2880
1 2880
3 2878 2879 2885
1 2884
1 2881
0
2 2881 2883
2 2880 2886
1 2885
0
0
0
1 2889
0
1 2891
3 2894 2898 2899
1 2893
0
2 2895 2898
1 2900
3 2893 2896 2897
2 2893 2900
2 2897 2899
0
1 2911
2 2904 2910
1 2903
0
1 2905
0
1 2907
0
2 2903 2909
1 2902
1 2911
0
1 2921
1 2916
2 2915 2923
2 2918 2922
3 2917 2922 2924
1 2920
2 2919 2923
2 2914 2922
4 2917 2918 2921 2926
2 2916 2920
2 2918 2923
1 2926
2 2922 2925
0
1 2929
4 2928 2930 2932 2933
1 2929
1 2932
2 2929 2931
2 2929 2934
1 2933
0
1 2943
0
1 2937
1 2947
1 2939
0
1 2941
1 2936
2 2943 2946
1 2946
2 2944 2945
2 2939 2948
1 2947
1 2953
2 2951 2954
1 2950
1 2953
3 2949 2952 2954
2 2950 2953
2 2954 2956
2 2955 2957
1 2956
1 2966
2 2960 2965
1 2959
0
2 2961 2963
2 2962 2964
1 2963
2 2959 2966
2 2958 2965
1 2975
1 2969
1 2968
0
3 2970 2974 2975
1 2973
1 2972
2 2971 2975
3 2967 2971 2974
0
0
1 2979
2 2978 2982
1 2981
1 2980
1 2979
1 2982
2 2985 2986
1 2984
1 2984
1 2997
2 2989 3000
1 2988
2 2991 2992
1 2990
2 2990 2993
2 2992 2994
1 2993
1 2994
1 2997
2 2987 2996
0
1 2998
1 2988
1 3005
1 3008
2 3002 3004
2 3003 3005
2 3001 3004
0
2 3006 3009
1 3002
2 3007 3008
1 3011
1 3010
0
0
2 3013 3015
1 3014
2 3015 3017
1 3016
2 3021 3028
1 3020
1 3019
2 3018 3025
1 3021
1 3024
1 3023
2 3021 3026
2 3025 3029
1 3028
2 3018 3027
2 3026 3030
1 3029
0
0
1 3034
2 3033 3035
1 3034
1 3035
1 3040
1 3037
0
2 3037 3039
0
1 3041
1 3048
1 3045
1 3044
1 3047
2 3046 3053
2 3043 3049
1 3048
0
1 3050
1 3053
2 3047 3052
1 3055
1 3054
0
1 3058
2 3057 3059
1 3058
1 3061
2 3060 3062
2 3061 3067
1 3062
1 3065
1 3064
0
2 3062 3066
0
1 3068
0
1 3070
0
3 3074 3076 3077
2 3073 3076
2 3074 3077
2 3073 3074
3 3073 3075 3076
0
0
2 3081 3085
3 3080 3082 3087
3 3081 3083 3084
2 3082 3088
1 3082
2 3080 3084
1 3087
2 3081 3086
1 3083
0
1 3094
2 3090 3096
0
2 3092 3096
2 3090 3095
1 3094
2 3091 3093
1 3096
0
1 3098
1 3101
1 3100
0
0
1 3108
3 3104 3106 3108
3 3105 3107 3109
2 3106 3108
3 3104 3105 3107
2 3106 3108
2 3111 3112
1 3110
1 3110
1 3126
2 3115 3125
1 3114
1 3119
2 3116 3119
0
4 3116 3117 3118 3122
1 3121
1 3120
2 3119 3124
1 3122
1 3122
2 3114 3124
1 3113
1 3129
0
2 3127 3128
1 3131
1 3130
0
0
1 3133
1 3136
1 3135
1 3139
1 3137
1 3137
1 3139
1 3142
1 3141
0
2 3147 3149
0
1 3145
2 3144 3148
2 3147 3153
1 3144
2 3149 3155
1 3152
1 3151
1 3148
1 3153
2 3150 3156
1 3155
1 3159
1 3159
4 3157 3158 3160 3161
1 3159
4 3159 3160 3162 3164
3 3161 3163 3164
2 3162 3164
3 3161 3162 3163
1 3171
1 3169
3 3166 3168 3169
3 3167 3169 3173
4 3166 3167 3168 3171
0
3 3165 3169 3170
0
2 3168 3172
1 3175
1 3174
2 3178 3180
2 3178 3181
3 3176 3177 3180
0
4 3176 3178 3179 3182
2 3177 3182
2 3180 3181
0
1 3183
0
2 3187 3191
1 3186
1 3194
1 3188
1 3192
3 3186 3190 3194
1 3190
1 3192
2 3188 3191
1 3207
1 3197
1 3196
1 3199
1 3198
3 3203 3207 3208
1 3200
0
2 3200 3202
1 3208
1 3204
0
3 3195 3200 3206
2 3200 3204
2 3210 3211
3 3209 3211 3219
2 3209 3210
1 3215
1 3212
1 3219
3 3212 3214 3217
0
2 3215 3216
1 3220
3 3210 3214 3218
2 3218 3221
1 3220
0
0
0
2 3224 3226
3 3225 3227 3233
1 3226
0
1 3228
0
1 3230
0
2 3226 3232
1 3238
3 3236 3237 3238
2 3235 3238
2 3235 3238
4 3234 3235 3236 3237
0
3 3241 3243 3244
1 3240
1 3243
2 3240 3242
1 3240
2 3244 3246
1 3245
1 3246
2 3249 3251
2 3248 3250
1 3249
2 3248 3252
2 3251 3253
1 3252
1 3253
0
1 3262
1 3256
2 3259 3262
2 3258 3266
0
1 3260
2 3256 3258
1 3262
0
1 3264
2 3259 3267
1 3266
0
2 3270 3275
3 3269 3274 3279
2 3272 3280
2 3271 3274
1 3274
3 3270 3272 3273
1 3269
2 3275 3277
2 3276 3278
1 3277
1 3270
2 3271 3279
0
1 3281
2 3288 3296
1 3285
1 3284
1 3287
1 3286
2 3283 3292
2 3288 3294
1 3291
1 3290
2 3288 3293
1 3292
1 3289
1 3294
1 3283
0
0
2 3298 3300
2 3299 3301
1 3300
2 3307 3311
1 3307
1 3303
1 3306
1 3305
2 3302 3303
1 3307
1 3310
1 3309
1 3302
0
1 3325
2 3313 3320
0
1 3315
0
1 3317
1 3320
2 3314 3319
1 3322
1 3321
0
1 3323
1 3313
1 3325
0
1 3329
2 3328 3330
2 3329 3331
1 3330
0
2 3332 3338
1 3337
1 3334
1 3337
2 3334 3336
1 3333
0
1 3342
2 3340 3342
3 3340 3341 3344
1 3342
1 3342
0
0
1 3346
0
2 3348 3351
1 3351
2 3349 3350
1 3354
1 3352
2 3352 3355
1 3354
0
1 3356
0
0
1 3361
1 3360
2 3363 3372
2 3362 3370
1 3365
2 3364 3367
0
2 3365 3366
0
1 3368
2 3363 3371
1 3370
2 3362 3373
1 3372
0
2 3376 3377
2 3375 3382
4 3375 3378 3379 3380
1 3377
1 3377
2 3377 3379
0
2 3376 3381
1 3384
1 3383
0
1 3387
1 3386
0
1 3388
1 3391
1 3390
3 3393 3394 3395
1 3392
2 3392 3395
2 3392 3394
1 3408
0
2 3397 3405
1 3400
1 3399
1 3402
1 3401
0
1 3403
2 3398 3406
1 3405
1 3408
2 3396 3407
0
1 3409
2 3412 3413
2 3411 3413
2 3411 3412
1 3415
1 3414
1 3417
1 3416
2 3419 3421
1 3418
0
2 3418 3420
2 3424 3433
1 3426
3 3422 3423 3431
1 3432
2 3423 3425
1 3428
1 3427
1 3430
1 3429
1 3424
2 3425 3431
2 3422 3434
1 3433
0
3 3438 3441 3446
2 3438 3441
3 3436 3437 3446
1 3440
1 3439
2 3436 3437
2 3441 3444
2 3444 3446
2 3442 3443
1 3446
4 3436 3438 3443 3445
0
0
0
1 3449
2 3452 3454
1 3451
1 3454
2 3451 3453
0
1 3455
1 3458
2 3457 3460
1 3460
2 3458 3459
1 3462
1 3461
0
1 3471
1 3466
1 3465
0
1 3467
2 3470 3471
1 3469
3 3464 3469 3472
1 3471
0
1 3475
1 3474
1 3479
2 3476 3481
0
2 3476 3478
0
2 3477 3480
0
2 3484 3489
2 3483 3487
1 3486
1 3485
2 3484 3488
1 3487
1 3483
1 3498
2 3499 3500
1 3491
1 3494
1 3493
1 3496
3 3495 3497 3500
2 3496 3498
2 3490 3497
2 3491 3500
3 3491 3496 3499
0
2 3503 3507
2 3502 3505
0
2 3503 3504
1 3507
2 3502 3506
1 3515
2 3508 3510
2 3509 3511
2 3510 3515
0
1 3512
1 3515
3 3508 3511 3514
0
0
1 3519
1 3518
0
2 3520 3529
0
1 3522
0
1 3524
2 3527 3528
1 3526
1 3526
2 3521 3528
1 3531
1 3530
0
1 3537
0
2 3534 3536
2 3535 3537
2 3533 3536
0
1 3544
2 3539 3548
0
2 3541 3549
1 3544
3 3539 3543 3545
2 3544 3546
2 3545 3548
0
3 3540 3546 3547
2 3542 3550
1 3549
1 3552
1 3551
0
1 3555
1 3554
1 3555
3 3558 3560 3561
1 3557
0
2 3557 3559
1 3557
1 3561
1 3564
1 3563
0
1 3565
0
1 3577
3 3570 3577 3578
1 3569
1 3572
1 3571
2 3575 3578
2 3573 3575
3 3573 3574 3576
1 3575
3 3568 3569 3578
3 3569 3573 3577
1 3580
2 3579 3585
1 3580
1 3586
1 3582
1 3585
3 3580 3584 3586
2 3582 3585
0
0
2 3588 3592
1 3593
1 3590
2 3589 3593
2 3590 3592
1 3595
2 3594 3599
2 3595 3598
3 3598 3599 3600
2 3596 3597
3 3595 3597 3600
2 3597 3599
0
1 3611
2 3602 3611
1 3605
1 3604
2 3608 3609
2 3606 3608
5 3606 3607 3609 3610 3611
2 3606 3608
2 3608 3611
4 3602 3603 3608 3610
2 3617 3626
1 3614
2 3613 3617
1 3616
1 3615
2 3612 3614
1 3617
1 3620
2 3619 3627
1 3625
1 3621
1 3625
1 3623
3 3621 3623 3626
2 3612 3625
1 3620
2 3629 3630
2 3628 3632
2 3628 3629
1 3632
2 3629 3631
3 3634 3636 3637
2 3633 3635
2 3634 3636
2 3633 3635
2 3633 3636
3 3639 3640 3642
3 3638 3641 3642
3 3638 3639 3641
2 3639 3640
3 3638 3639 3641
0
1 3647
1 3644
1 3647
3 3644 3646 3651
0
1 3648
0
2 3647 3650
0
1 3652
1 3655
1 3654
1 3665
0
1 3657
0
1 3659
1 3662
2 3661 3664
1 3664
2 3662 3663
1 3656
1 3665
0
1 3667
1 3672
2 3671 3674
1 3670
1 3669
1 3672
1 3670
1 3674
0
1 3676
0
0
1 3679
1 3682
1 3681
1 3684
1 3683
1 3686
1 3685
0
2 3687 3689
1 3688
2 3689 3692
1 3692
2 3690 3691
0
0
2 3694 3706
0
1 3696
0
1 3698
1 3701
1 3700
2 3703 3704
1 3702
2 3702 3705
1 3704
2 3695 3707
1 3706
0
0
2 3712 3717
1 3710
1 3710
1 3712
1 3715
1 3714
1 3717
2 3710 3716
0
1 3726
1 3719
2 3725 3732
1 3721
2 3724 3731
1 3723
3 3721 3726 3732
2 3719 3725
0
1 3727
1 3730
1 3729
1 3723
3 3721 3725 3731
0
1 3735
2 3734 3736
2 3735 3737
1 3736
2 3739 3746
1 3738
1 3741
2 3740 3744
0
1 3742
2 3741 3745
1 3744
1 3738
1 3752
2 3753 3755
2 3748 3750
1 3749
1 3750
1 3747
2 3748 3752
1 3755
2 3748 3754
0
0
2 3757 3767
1 3760
3 3759 3761 3768
2 3760 3762
1 3761
1 3766
1 3763
1 3766
2 3763 3765
2 3758 3768
2 3760 3767
0
2 3772 3775
2 3772 3775
3 3770 3771 3775
0
1 3773
4 3770 3771 3772 3776
1 3775
1 3778
2 3777 3779
1 3778
2 3781 3782
2 3780 3782
2 3780 3781
2 3785 3788
1 3787
4 3783 3784 3787 3788
0
3 3784 3785 3786
2 3783 3785
1 3791
2 3791 3794
2 3789 3790
2 3793 3794
1 3792
3 3790 3792 3795
1 3794
4 3797 3799 3800 3801
3 3796 3798 3799
2 3797 3800
3 3796 3797 3800
3 3796 3798 3799
1 3796
0
2 3805 3806
1 3803
1 3803
2 3803 3805
2 3810 3811
1 3811
2 3808 3810
3 3807 3809 3811
3 3807 3808 3810
0
1 3814
1 3813
1 3816
1 3815
1 3818
1 3817
0
1 3819
0
1 3821
0
0
2 3827 3835
3 3825 3828 3835
1 3825
3 3826 3827 3830
1 3833
3 3828 3829 3833
1 3832
1 3831
2 3829 3830
1 3833
2 3825 3826
1 3840
0
1 3837
2 3840 3843
2 3836 3839
1 3842
2 3841 3846
1 3839
1 3843
1 3846
2 3842 3845
1 3850
1 3852
1 3848
2 3847 3853
1 3850
2 3848 3853
3 3850 3852 3856
0
1 3854
1 3853
0
1 3859
1 3858
0
2 3860 3871
1 3867
2 3862 3869
1 3865
1 3864
1 3868
2 3862 3866
1 3866
2 3863 3868
0
2 3861 3870
2 3874 3876
0
2 3872 3873
2 3876 3877
2 3872 3875
1 3875
1 3877
0
1 3881
2 3880 3884
0
2 3882 3884
2 3881 3883
2 3884 3890
1 3887
1 3886
1 3889
1 3888
1 3885
1 3896
1 3893
1 3892
1 3895
1 3894
2 3891 3898
3 3896 3898 3901
3 3896 3897 3899
1 3898
0
2 3897 3900
0
0
1 3908
1 3904
1 3907
3 3906 3913 3917
3 3904 3909 3916
2 3908 3912
2 3911 3913
2 3910 3916
2 3909 3913
4 3907 3910 3912 3917
0
1 3914
2 3908 3911
3 3907 3913 3916
0
1 3920
1 3919
1 3922
1 3921
0
1 3923
2 3926 3927
2 3925 3927
3 3925 3926 3928
1 3927
0
1 3929
1 3932
1 3931
2 3938 3941
2 3939 3941
2 3934 3941
0
2 3936 3938
3 3933 3937 3939
2 3934 3938
1 3943
4 3933 3934 3935 3940
0
2 3940 3942
0
0
2 3945 3947
5 3946 3948 3951 3955 3956
1 3947
1 3950
1 3949
2 3947 3952
1 3951
1 3954
1 3953
1 3947
2 3947 3955
0
0
1 3960
2 3959 3964
1 3964
1 3961
1 3964
3 3960 3961 3963
0
1 3965
1 3972
2 3969 3974
1 3968
0
1 3970
1 3967
1 3972
2 3968 3975
1 3974
0
1 3976
0
0
3 3981 3984 3987
1 3980
1 3983
1 3982
3 3980 3985 3987
1 3984
1 3987
3 3980 3984 3986
1 3999
2 3990 3992
2 3989 4000
2 3992 3998
2 3989 3991
2 3994 3999
1 3993
1 3996
2 3995 3998
1 3998
3 3991 3996 3997
2 3988 3993
2 3990 3999
1 4007
3 4003 4004 4006
1 4002
1 4002
1 4004
2 4002 4007
4 4001 4006 4010 4011
0
1 4008
1 4007
2 4007 4010
1 4017
2 4014 4017
1 4013
0
2 4015 4020
4 4012 4013 4018 4019
1 4017
2 4017 4020
2 4016 4019
0
1 4021
1 4027
2 4025 4029
2 4024 4028
1 4029
3 4023 4026 4028
2 4025 4027
3 4024 4026 4028
0
1 4044
1 4031
1 4035
1 4033
2 4033 4036
2 4035 4043
1 4041
1 4037
0
1 4039
2 4037 4042
1 4041
2 4036 4044
2 4031 4043
0
0
1 4046
1 4049
1 4048
1 4051
1 4050
0
2 4052 4056
1 4055
3 4054 4057 4058
2 4053 4057
2 4055 4056
1 4055
1 4067
0
2 4060 4064
2 4063 4066
1 4062
2 4061 4065
1 4064
1 4062
2 4059 4066
1 4075
1 4070
2 4069 4071
2 4070 4072
1 4071
1 4074
2 4073 4075
3 4068 4074 4076
1 4075
0
0
3 4080 4081 4084
1 4079
2 4079 4082
1 4081
0
2 4079 4083
0
1 4093
1 4092
1 4087
1 4091
1 4089
2 4089 4092
2 4087 4091
1 4086
1 4098
1 4096
1 4095
1 4098
3 4094 4097 4099
1 4098
0
0
2 4101 4107
1 4104
1 4103
2 4106 4110
1 4105
1 4102
1 4107
1 4110
3 4105 4109 4111
2 4110 4112
1 4111
2 4115 4119
1 4117
2 4113 4114
1 4117
2 4114 4116
1 4119
2 4113 4118
0
1 4126
1 4124
2 4122 4126
2 4122 4126
1 4124
3 4121 4123 4124
3 4130 4131 4135
0
1 4128
3 4127 4131 4134
2 4127 4130
1 4135
1 4132
2 4130 4135
3 4127 4132 4134
0
1 4138
3 4137 4139 4146
1 4138
0
1 4140
0
1 4142
0
1 4144
2 4138 4147
1 4146
0
1 4150
2 4149 4151
2 4150 4155
1 4151
1 4154
1 4153
1 4151
0
1 4159
1 4157
2 4157 4160
1 4159
0
2 4161 4163
1 4162
2 4163 4165
2 4164 4166
1 4165
1 4168
1 4167
1 4170
1 4169
0
1 4178
2 4174 4178
1 4173
1 4176
1 4175
0
3 4172 4173 4177
1 4185
1 4184
2 4180 4185
0
1 4182
2 4180 4185
3 4179 4181 4184
0
1 4201
0
1 4188
0
1 4190
1 4193
2 4192 4199
2 4195 4196
1 4194
1 4194
2 4196 4200
0
2 4193 4198
2 4197 4201
2 4187 4200
0
1 4204
1 4203
0
1 4205
2 4208 4215
1 4207
1 4215
1 4209
1 4212
1 4211
0
1 4213
2 4207 4209
2 4219 4221
3 4218 4220 4221
3 4217 4219 4220
3 4216 4218 4220
3 4217 4218 4219
2 4216 4217
2 4224 4229
0
2 4222 4223
1 4226
1 4225
1 4228
1 4227
1 4222
1 4229
2 4235 4236
1 4235
1 4232
1 4235
3 4231 4232 4234
1 4231
3 4240 4241 4249
1 4239
2 4238 4243
3 4237 4241 4243
2 4237 4240
2 4243 4250
3 4239 4240 4242
0
1 4244
1 4247
1 4246
1 4249
2 4237 4248
2 4242 4251
1 4250
0
0
2 4253 4261
1 4256
1 4255
0
1 4257
1 4263
1 4259
2 4254 4262
1 4261
2 4259 4264
1 4263
0
1 4270
2 4268 4273
1 4267
1 4270
3 4266 4269 4271
2 4270 4272
1 4271
1 4267
0
1 4276
2 4275 4284
2 4278 4284
2 4277 4279
2 4278 4280
1 4279
1 4282
2 4281 4284
0
4 4276 4277 4282 4283
0
1 4285
0
1 4289
1 4288
2 4291 4298
2 4290 4296
0
1 4292
2 4295 4296
1 4294
3 4291 4294 4297
1 4296
1 4290
0
1 4304
1 4300
1 4303
1 4302
1 4300
0
1 4307
1 4306
0
2 4308 4313
0
1 4310
1 4313
3 4309 4312 4315
1 4315
2 4313 4314
1 4317
1 4316
1 4319
1 4318
1 4324
2 4322 4326
1 4321
3 4324 4329 4330
2 4320 4323
1 4326
2 4321 4325
0
1 4327
1 4323
2 4323 4329
0
1 4337
1 4337
2 4333 4335
2 4334 4336
2 4335 4341
3 4332 4333 4338
1 4337
0
1 4339
1 4336
2 4343 4345
3 4342 4344 4348
2 4343 4347
2 4342 4346
1 4345
1 4344
2 4343 4347
1 4355
0
2 4350 4357
2 4353 4357
1 4352
0
2 4349 4354
0
3 4351 4352 4356
2 4365 4366
1 4360
5 4359 4361 4362 4365 4366
2 4360 4362
2 4360 4361
1 4364
1 4363
2 4358 4360
3 4358 4360 4365
0
1 4369
2 4368 4371
0
3 4369 4370 4374
1 4373
1 4372
2 4371 4375
1 4374
0
1 4376
0
1 4378
0
0
0
2 4382 4388
2 4385 4389
2 4384 4386
1 4385
1 4386
1 4383
2 4384 4388
3 4395 4398 4400
4 4392 4398 4403 4405
2 4391 4395
1 4394
1 4393
3 4390 4392 4396
1 4395
1 4398
3 4390 4391 4397
0
2 4390 4399
0
1 4401
2 4391 4404
1 4403
1 4391
0
1 4408
1 4407
1 4410
1 4409
1 4413
1 4411
3 4411 4414 4415
1 4413
3 4413 4416 4420
3 4415 4419 4420
1 4418
2 4417 4420
1 4416
4 4415 4416 4418 4419
0
0
1 4424
3 4423 4432 4434
0
1 4425
1 4428
1 4427
1 4430
1 4429
0
2 4424 4431
0
2 4424 4433
0
1 4439
0
2 4437 4442
3 4436 4440 4443
2 4439 4442
2 4442 4443
3 4438 4440 4441
2 4439 4441
2 4446 4451
0
4 4444 4445 4447 4451
2 4446 4448
2 4447 4449
2 4448 4450
1 4449
2 4444 4446
0
2 4456 4458
1 4453
0
3 4453 4455 4457
2 4456 4459
2 4453 4457
1 4457
1 4462
1 4462
2 4460 4461
2 4464 4469
1 4463
1 4466
1 4465
2 4468 4471
1 4467
1 4463
1 4469
1 4467
1 4471
0
1 4473
0
1 4477
2 4476 4478
1 4477
1 4480
2 4479 4481
2 4480 4482
1 4481
1 4484
1 4483
0
1 4485
0
1 4489
2 4488 4496
1 4495
2 4490 4493
2 4493 4495
3 4491 4492 4494
2 4493 4495
3 4490 4492 4494
1 4489
2 4500 4506
2 4499 4502
4 4498 4500 4503 4505
3 4497 4499 4501
2 4500 4504
2 4498 4503
2 4499 4502
2 4501 4505
2 4499 4504
1 4497
0
1 4509
1 4508
1 4515
2 4510 4516
2 4513 4515
3 4512 4517 4518
0
3 4510 4512 4514
1 4511
2 4513 4516
1 4513
3 4520 4523 4524
2 4519 4524
1 4520
0
3 4519 4522 4525
3 4519 4520 4525
2 4523 4524
0
2 4531 4535
1 4527
0
1 4529
2 4527 4532
2 4531 4534
0
2 4532 4533
1 4527
1 4535
0
1 4537
0
1 4544
1 4542
1 4541
0
2 4540 4543
1 4546
1 4545
0
1 4547
0
0
3 4552 4553 4556
3 4551 4557 4558
3 4551 4554 4556
1 4553
0
3 4551 4553 4555
2 4552 4558
3 4552 4557 4559
1 4558
0
1 4562
2 4561 4564
0
2 4562 4563
0
1 4575
2 4566 4572
1 4569
2 4568 4572
1 4574
1 4570
3 4567 4569 4573
1 4572
2 4570 4575
2 4566 4574
1 4580
0
3 4577 4579 4580
2 4578 4580
3 4576 4578 4579
1 4589
2 4583 4585
3 4582 4584 4592
3 4583 4585 4586
2 4582 4584
2 4584 4589
1 4586
0
3 4581 4586 4588
0
1 4590
1 4583
2 4597 4598
0
1 4594
1 4597
2 4593 4596
1 4593
1 4598
2 4601 4603
1 4600
2 4601 4604
1 4600
2 4602 4603
0
0
1 4606
1 4609
1 4608
2 4612 4619
1 4614
3 4610 4611 4617
1 4614
3 4611 4613 4617
1 4616
1 4615
2 4612 4614
1 4617
1 4610
1 4619
0
1 4621
0
0
2 4630 4635
1 4625
3 4628 4630 4633
1 4627
2 4630 4634
4 4625 4627 4629 4632
1 4632
2 4630 4631
2 4627 4634
2 4629 4633
1 4625
1 4649
1 4642
1 4637
1 4641
4 4639 4642 4645 4649
1 4639
4 4637 4640 4641 4643
1 4642
1 4643
2 4640 4646
1 4645
2 4648 4650
1 4647
2 4636 4640
2 4647 4649
0
0
1 4652
0
1 4654
2 4659 4660
1 4656
0
2 4656 4658
1 4656
1 4660
0
2 4664 4672
1 4663
0
2 4665 4671
1 4668
3 4667 4670 4671
1 4671
2 4668 4669
4 4666 4668 4669 4672
2 4663 4671
0
1 4678
2 4676 4679
3 4675 4677 4680
1 4676
2 4674 4677
2 4675 4680
2 4676 4679
0
0
1 4682
1 4685
2 4684 4689
0
1 4686
1 4689
2 4685 4688
1 4691
1 4690
1 4696
1 4694
2 4693 4695
3 4694 4696 4697
3 4692 4695 4697
2 4695 4696
0
1 4703
2 4699 4703
1 4702
3 4701 4703 4708
4 4699 4700 4702 4704
1 4703
0
1 4705
1 4708
2 4702 4707
0
1 4711
2 4710 4723
0
2 4712 4721
1 4715
1 4714
2 4717 4719
1 4716
0
2 4716 4718
0
2 4713 4720
0
2 4711 4722
1 4728
2 4729 4731
2 4725 4731
0
2 4724 4727
1 4725
1 4729
3 4725 4726 4732
1 4731
1 4734
2 4733 4735
3 4734 4736 4738
2 4735 4737
1 4736
1 4735
1 4741
1 4741
3 4739 4740 4742
1 4741
1 4742
0
1 4756
1 4749
1 4746
0
2 4746 4748
0
1 4750
0
1 4752
2 4755 4759
1 4754
1 4745
1 4756
1 4759
2 4754 4758
0
1 4767
0
1 4762
1 4765
1 4764
0
2 4761 4766
0
2 4770 4775
2 4769 4772
0
2 4770 4771
1 4778
1 4773
3 4769 4776 4777
1 4775
2 4775 4778
2 4773 4777
0
1 4781
2 4780 4786
1 4783
1 4782
1 4785
1 4784
2 4781 4787
1 4786
1 4789
1 4788
1 4791
1 4790
1 4793
1 4792
0
0
1 4797
2 4796 4800
1 4800
2 4798 4800
3 4797 4798 4799
1 4812
3 4803 4805 4812
3 4802 4806 4810
0
2 4802 4804
1 4803
1 4806
1 4809
1 4808
1 4803
1 4810
2 4801 4802
0
1 4820
1 4814
1 4817
1 4816
2 4819 4821
2 4818 4821
1 4814
3 4818 4819 4820
1 4823
1 4822
1 4825
1 4824
0
1 4826
0
0
1 4829
1 4832
2 4831 4837
1 4834
1 4833
0
1 4835
1 4832
2 4837 4841
0
1 4839
1 4838
1 4841
0
0
1 4847
2 4845 4847
2 4845 4846
1 4847
1 4850
3 4849 4851 4854
3 4850 4853 4858
1 4853
3 4851 4852 4856
2 4850 4855
1 4854
1 4853
1 4856
1 4851
1 4858
0
1 4862
1 4861
2 4864 4865
1 4863
1 4863
2 4865 4867
1 4866
2 4871 4873
1 4870
1 4869
1 4868
1 4871
1 4868
1 4873
1 4878
1 4877
1 4876
2 4875 4879
1 4878
0
2 4880 4884
1 4886
2 4882 4887
1 4881
1 4884
2 4882 4887
2 4883 4886
0
2 4890 4892
2 4889 4893
1 4892
2 4889 4891
1 4890
1 4893
2 4900 4905
2 4897 4902
1 4896
1 4899
1 4898
3 4895 4902 4907
1 4900
3 4896 4900 4903
1 4902
1 4905
2 4895 4904
1 4907
3 4900 4906 4909
0
2 4907 4908
3 4914 4919 4921
2 4912 4918
1 4911
2 4919 4920
3 4910 4913 4916
0
2 4914 4915
0
2 4911 4917
3 4910 4913 4920
2 4913 4919
1 4910
1 4921
1 4924
1 4923
0
0
1 4926
0
3 4928 4930 4931
2 4929 4931
2 4929 4930
0
2 4934 4940
2 4933 4939
2 4937 4940
2 4935 4939
1 4935
1 4937
4 4934 4936 4940 4941
3 4933 4935 4939
1 4939
3 4947 4950 4954
0
1 4943
2 4946 4950
1 4945
1 4942
1 4947
1 4950
4 4942 4945 4949 4951
2 4950 4952
1 4951
0
2 4942 4953
1 4956
3 4955 4958 4960
2 4956 4958
3 4956 4957 4959
1 4958
2 4956 4961
1 4960
2 4964 4966
1 4964
3 4962 4963 4968
2 4966 4968
2 4962 4965
1 4968
3 4964 4965 4967
1 4970
1 4969
1 4974
1 4973
4 4972 4974 4977 4978
3 4971 4973 4977
1 4974
1 4978
3 4973 4974 4976
2 4973 4976
2 4986 4992
1 4981
3 4980 4990 4992
0
1 4982
2 4985 4991
1 4984
2 4979 4992
1 4986
1 4989
1 4988
1 4981
2 4984 4990
4 4979 4981 4986 4993
1 4992
0
1 4996
1 4995
2 4998 5000
1 4997
1 5000
2 4997 4999
1 5004
2 5001 5007
0
2 5001 5003
0
1 5005
1 5002
1 5007
0
2 5013 5017
2 5012 5017
1 5011
3 5010 5014 5017
1 5013
0
1 5015
3 5010 5011 5013
1 5017
0
1 5021
2 5020 5032
1 5021
0
1 5023
1 5026
1 5025
1 5028
1 5027
1 5030
1 5029
0
2 5021 5031
0
1 5043
0
1 5035
0
1 5037
0
1 5039
1 5042
2 5041 5044
2 5034 5044
2 5042 5043
0
1 5056
1 5048
1 5047
0
1 5049
1 5052
1 5051
1 5054
1 5053
0
2 5046 5055
1 5058
1 5057
0
2 5061 5063
1 5060
1 5063
2 5060 5062
0
2 5066 5068
2 5065 5067
2 5066 5068
2 5065 5067
0
1 5069
0
1 5071
3 5076 5077 5080
1 5082
2 5074 5082
1 5073
4 5073 5076 5078 5079
2 5077 5079
2 5077 5078
2 5073 5081
1 5080
2 5074 5075
2 5086 5087
1 5085
2 5084 5088
2 5083 5087
3 5083 5086 5090
2 5085 5089
1 5088
1 5087
1 5090
0
1 5098
1 5102
1 5094
0
3 5096 5102 5103
2 5093 5103
1 5098
1 5101
1 5100
2 5094 5097
3 5097 5098 5102
0
1 5106
2 5105 5112
0
1 5107
1 5112
1 5109
1 5112
3 5106 5109 5111
0
0
0
2 5115 5122
2 5118 5121
1 5117
1 5120
1 5119
1 5117
2 5116 5121
2 5124 5126
3 5123 5127 5128
1 5126
2 5123 5125
2 5124 5128
2 5124 5127
0
2 5131 5134
2 5130 5132
2 5131 5134
0
3 5130 5132 5133
1 5136
1 5135
1 5141
2 5139 5140
2 5138 5141
2 5138 5141
3 5137 5139 5140
1 5145
1 5144
2 5143 5148
3 5142 5146 5148
2 5145 5156
0
3 5144 5145 5147
1 5155
1 5149
1 5152
3 5151 5154 5156
0
2 5152 5153
2 5149 5156
3 5146 5152 5155
0
1 5160
2 5158 5162
2 5158 5161
1 5160
1 5159
0
2 5167 5168
1 5164
1 5167
2 5164 5166
1 5164
1 5168
0
2 5174 5176
1 5173
4 5172 5175 5176 5178
2 5171 5177
2 5173 5174
3 5171 5173 5178
2 5174 5176
2 5173 5176
1 5184
1 5181
1 5180
2 5183 5184
1 5182
2 5179 5182
1 5188
1 5192
1 5186
1 5185
2 5188 5190
3 5189 5191 5193
2 5190 5192
3 5186 5191 5193
2 5190 5192
2 5196 5197
2 5196 5198
4 5194 5195 5198 5200
2 5194 5200
3 5195 5196 5197
0
3 5196 5197 5199
1 5203
3 5204 5205 5207
3 5201 5202 5207
2 5202 5206
2 5202 5204
1 5204
3 5202 5203 5206
1 5211
1 5210
1 5209
1 5208
1 5211
2 5214 5219
1 5213
0
2 5215 5218
1 5218
2 5216 5217
2 5213 5220
1 5219
0
1 5223
1 5222
2 5225 5235
1 5224
2 5227 5229
1 5226
1 5229
2 5226 5228
1 5231
1 5230
0
1 5232
1 5235
2 5224 5234
0
0
2 5239 5243
1 5238
0
2 5240 5242
2 5241 5243
3 5238 5242 5250
2 5245 5246
1 5244
1 5244
3 5246 5249 5250
1 5249
2 5247 5248
2 5243 5247
0
1 5253
4 5252 5254 5256 5260
2 5253 5255
1 5254
1 5253
1 5256
0
2 5258 5260
2 5253 5259
2 5268 5275
2 5263 5273
1 5262
0
4 5264 5267 5269 5272
0
2 5265 5266
2 5261 5269
2 5265 5268
1 5271
1 5270
1 5265
2 5262 5272
0
2 5261 5274
1 5285
0
1 5277
1 5280
2 5279 5284
1 5282
1 5281
1 5284
2 5280 5283
2 5276 5286
1 5285
0
2 5290 5295
1 5290
3 5288 5289 5298
0
2 5291 5294
1 5294
2 5292 5293
1 5288
1 5295
0
2 5290 5297
1 5302
1 5299
0
2 5299 5301
0
0
2 5304 5312
2 5307 5308
1 5306
3 5306 5310 5312
2 5308 5310
3 5308 5309 5311
1 5310
2 5305 5308
1 5316
1 5315
1 5314
2 5313 5317
2 5316 5319
0
2 5317 5318
1 5321
1 5320
0
0
2 5325 5327
1 5324
1 5328
2 5324 5326
1 5326
1 5328
0
1 5335
1 5333
2 5332 5335
0
3 5331 5333 5334
1 5344
2 5341 5343
1 5337
0
2 5339 5343
2 5337 5342
1 5341
3 5337 5340 5344
2 5336 5343
0
2 5348 5350
2 5348 5349
2 5346 5347
3 5347 5350 5351
2 5346 5349
1 5349
0
0
2 5353 5355
2 5354 5356
1 5355
1 5362
0
1 5358
3 5361 5362 5366
1 5360
2 5357 5360
1 5362
1 5365
2 5364 5371
1 5360
1 5366
1 5369
1 5368
1 5371
2 5365 5370
1 5373
2 5372 5375
2 5373 5376
2 5373 5376
2 5374 5375
0
0
1 5380
1 5379
1 5382
1 5381
0
2 5383 5387
1 5386
1 5385
2 5384 5388
1 5387
2 5390 5391
1 5389
1 5389
0
2 5394 5397
1 5393
1 5397
1 5395
2 5393 5395
0
2 5400 5410
1 5399
0
3 5401 5406 5408
0
1 5403
1 5406
2 5402 5405
1 5408
2 5402 5407
0
2 5399 5409
0
1 5411
0
0
1 5416
3 5415 5417 5419
3 5416 5418 5420
1 5417
1 5416
2 5417 5419
0
0
1 5422
1 5425
2 5424 5430
2 5427 5432
2 5426 5431
2 5429 5430
1 5428
2 5425 5428
2 5427 5430
1 5426
1 5432
0
1 5438
2 5435 5441
2 5438 5442
2 5435 5437
1 5440
1 5439
2 5436 5442
2 5437 5441
0
2 5449 5452
2 5447 5449
2 5445 5450
2 5445 5448
1 5447
3 5444 5445 5450
2 5446 5449
1 5452
2 5444 5451
0
2 5455 5458
1 5454
2 5463 5464
1 5456
2 5454 5459
2 5458 5461
1 5461
3 5459 5460 5465
0
2 5456 5462
2 5456 5465
2 5461 5464
3 5471 5475 5480
0
1 5467
1 5470
1 5469
1 5466
2 5471 5478
1 5474
1 5473
2 5466 5476
1 5475
0
3 5472 5477 5480
0
3 5466 5478 5479
0
2 5484 5486
1 5482
1 5482
1 5484
1 5482
1 5486
0
1 5498
1 5496
1 5490
0
2 5492 5503
1 5500
2 5494 5497
2 5490 5497
2 5495 5496
1 5489
2 5498 5501
2 5494 5501
2 5499 5500
0
2 5493 5502
1 5512
1 5506
1 5505
3 5508 5509 5513
1 5507
3 5507 5510 5512
1 5509
0
3 5504 5509 5511
1 5507
1 5513
0
2 5517 5520
1 5516
0
1 5518
1 5516
2 5520 5522
1 5521
1 5528
1 5525
2 5524 5529
1 5527
1 5526
3 5523 5529 5531
2 5525 5528
1 5531
2 5528 5530
0
1 5532
0
1 5534
1 5537
1 5536
1 5547
1 5540
1 5539
1 5546
1 5541
2 5544 5547
1 5543
1 5546
2 5541 5545
3 5538 5543 5548
1 5547
0
3 5553 5554 5555
1 5553
2 5551 5555
2 5550 5551
3 5550 5553 5555
3 5550 5552 5554
2 5557 5560
3 5556 5559 5560
1 5557
1 5557
3 5556 5557 5559
0
1 5563
2 5562 5568
1 5568
1 5564
1 5567
1 5566
3 5563 5564 5569
1 5568
1 5571
1 5570
1 5577
0
2 5573 5575
2 5574 5576
1 5575
1 5572
1 5588
2 5583 5584
1 5579
1 5582
2 5581 5586
2 5579 5584
2 5579 5583
1 5586
3 5582 5585 5588
0
3 5578 5586 5587
1 5592
1 5591
1 5590
3 5589 5593 5594
2 5592 5595
2 5592 5595
2 5593 5594
1 5597
1 5596
1 5599
1 5598
1 5601
1 5600
3 5603 5609 5610
2 5602 5605
1 5603
2 5603 5609
1 5605
0
1 5607
2 5602 5605
2 5602 5609
0
0
2 5612 5621
0
1 5614
1 5617
1 5616
2 5619 5620
1 5618
2 5618 5623
2 5613 5620
0
2 5620 5622
1 5632
1 5631
2 5625 5628
2 5628 5629
3 5626 5627 5632
1 5627
1 5629
1 5625
3 5624 5628 5631
0
0
1 5634
1 5637
3 5636 5638 5639
3 5637 5639 5640
2 5637 5638
1 5638
1 5647
1 5643
1 5642
2 5645 5650
1 5644
2 5647 5649
2 5641 5646
1 5649
2 5646 5648
1 5644
0
1 5653
2 5652 5659
2 5655 5656
1 5654
1 5654
1 5656
1 5659
2 5653 5658
1 5666
1 5666
1 5661
2 5664 5666
1 5663
0
4 5660 5661 5663 5665
1 5668
1 5667
0
2 5671 5678
1 5670
1 5671
2 5674 5677
1 5673
0
2 5675 5680
2 5673 5681
2 5670 5677
1 5680
2 5676 5679
1 5677
3 5683 5684 5686
2 5682 5687
3 5682 5683 5687
1 5686
2 5682 5685
2 5683 5684
5 5690 5693 5694 5695 5696
1 5690
3 5688 5689 5691
1 5690
1 5691
2 5688 5696
2 5688 5693
2 5688 5696
3 5688 5693 5695
2 5699 5709
1 5707
3 5697 5698 5704
1 5704
1 5700
1 5703
1 5702
2 5699 5700
1 5704
0
2 5698 5706
0
2 5697 5708
0
1 5712
2 5711 5714
1 5714
3 5712 5713 5716
0
3 5714 5715 5717
1 5716
1 5717
0
0
1 5722
3 5721 5730 5732
1 5724
1 5723
0
1 5725
0
1 5727
0
2 5722 5729
0
2 5722 5731
1 5734
1 5733
0
0
0
2 5737 5745
1 5740
2 5739 5744
1 5742
1 5741
1 5744
2 5740 5743
2 5738 5746
1 5745
0
0
2 5752 5753
1 5749
0
2 5749 5751
2 5749 5754
2 5753 5755
2 5754 5756
1 5755
0
1 5759
1 5758
1 5763
2 5760 5762
2 5761 5763
2 5760 5762
0
1 5767
1 5765
3 5765 5768 5769
1 5767
1 5767
1 5769
0
1 5771
1 5778
1 5780
3 5774 5779 5780
0
2 5776 5779
1 5773
3 5775 5777 5778
2 5774 5775
0
0
2 5782 5787
0
1 5784
2 5787 5788
2 5783 5786
2 5786 5790
2 5788 5790
2 5788 5789
0
2 5793 5800
1 5792
1 5795
2 5794 5803
1 5797
2 5796 5799
1 5799
2 5797 5798
2 5792 5801
1 5800
1 5803
2 5795 5802
0
2 5808 5814
0
1 5806
2 5805 5810
1 5808
3 5808 5811 5813
2 5810 5812
1 5811
2 5810 5812
2 5805 5815
1 5814
0
2 5818 5819
1 5817
2 5817 5820
1 5819
1 5825
1 5821
0
2 5823 5827
2 5821 5826
1 5825
1 5824
1 5833
1 5830
1 5829
1 5832
1 5831
2 5828 5834
1 5833
0
0
1 5838
1 5837
2 5840 5844
2 5839 5841
1 5840
1 5841
1 5844
2 5839 5843
1 5846
1 5845
0
1 5858
1 5848
1 5856
2 5850 5852
3 5851 5853 5860
1 5852
1 5855
1 5854
2 5850 5857
2 5856 5859
1 5848
2 5857 5858
2 5852 5861
1 5860
0
2 5864 5871
1 5863
1 5866
2 5865 5872
0
1 5867
0
1 5869
2 5863 5872
3 5866 5871 5875
0
1 5873
1 5872
1 5875
0
3 5879 5884 5885
3 5878 5880 5885
2 5879 5883
1 5880
2 5883 5885
3 5880 5882 5885
1 5878
5 5878 5879 5882 5883 5884
3 5889 5890 5892
1 5893
2 5887 5889
3 5886 5888 5890
2 5886 5889
0
2 5886 5891
1 5887
2 5896 5897
3 5896 5897 5899
2 5894 5895
2 5894 5895
1 5897
1 5895
0
1 5911
1 5901
1 5909
1 5903
2 5906 5907
1 5905
1 5905
1 5907
1 5903
1 5909
1 5901
1 5911
1 5919
2 5915 5918
2 5914 5918
0
1 5916
3 5914 5915 5919
2 5913 5918
1 5926
2 5922 5923
1 5921
2 5921 5924
2 5923 5926
0
3 5920 5924 5925
0
2 5930 5932
1 5931
2 5928 5929
2 5929 5932
2 5928 5931
0
0
0
1 5935
1 5944
1 5937
1 5941
1 5939
1 5939
1 5941
0
2 5937 5943
1 5948
1 5947
3 5946 5950 5956
3 5945 5949 5957
1 5948
1 5947
2 5950 5952
3 5951 5953 5957
1 5952
1 5955
1 5954
2 5947 5957
3 5948 5952 5956
0
1 5960
1 5959
1 5962
1 5961
1 5964
1 5963
0
1 5965
0
1 5973
1 5968
3 5971 5976 5980
1 5970
1 5973
3 5968 5972 5979
1 5975
2 5974 5976
3 5970 5975 5977
2 5976 5981
0
3 5973 5978 5980
2 5970 5979
2 5977 5980
0
2 5984 5988
2 5983 5989
1 5992
1 5985
1 5993
2 5983 5987
2 5984 5990
2 5989 5993
1 5992
2 5985 5991
3 5987 5990 5994
1 5993
1 5996
1 5995
0
0
3 6006 6007 6011
2 5999 6007
0
1 6001
1 6004
1 6003
0
2 5999 6005
3 5999 6000 6008
1 6007
1 6010
1 6009
1 5999
2 6013 6017
1 6012
2 6013 6016
0
2 6014 6015
1 6012
1 6022
0
1 6019
2 6022 6023
2 6018 6021
1 6021
1 6023
1 6026
2 6025 6030
1 6028
1 6027
2 6030 6031
2 6026 6029
1 6029
1 6034
1 6034
3 6032 6033 6035
2 6034 6036
1 6035
1 6038
1 6037
0
3 6041 6042 6044
2 6040 6049
2 6040 6041
1 6044
2 6040 6043
0
1 6045
1 6048
1 6047
1 6041
0
2 6052 6058
1 6051
1 6054
2 6053 6055
2 6054 6056
2 6055 6057
2 6056 6058
2 6051 6057
0
1 6061
2 6060 6063
0
3 6061 6062 6066
1 6065
2 6064 6068
2 6063 6067
1 6066
1 6065
1 6068
1 6071
1 6070
0
1 6077
1 6075
1 6074
0
2 6073 6076
0
1 6078
2 6084 6086
1 6082
1 6081
1 6084
3 6080 6083 6086
0
3 6080 6084 6085
1 6088
1 6087
2 6090 6092
5 6089 6092 6093 6095 6096
1 6090
2 6089 6090
2 6090 6092
1 6095
2 6090 6094
1 6090
0
0
3 6098 6100 6104
3 6099 6101 6104
2 6100 6102
2 6101 6103
1 6102
2 6099 6100
1 6104
2 6107 6111
3 6106 6109 6111
2 6107 6112
3 6107 6110 6111
1 6109
4 6106 6107 6109 6112
2 6108 6111
1 6114
4 6113 6115 6119 6122
1 6114
2 6117 6118
1 6116
2 6116 6122
2 6114 6118
2 6121 6123
1 6120
3 6114 6118 6123
2 6120 6122
0
1 6127
1 6133
4 6125 6126 6130 6131
0
2 6128 6130
3 6127 6129 6131
2 6127 6130
1 6133
2 6126 6132
0
2 6137 6138
1 6137
3 6135 6136 6141
1 6135
1 6138
2 6141 6142
3 6137 6140 6142
3 6140 6141 6143
1 6142
1 6151
3 6149 6150 6154
1 6145
2 6148 6149
1 6147
3 6145 6147 6152
3 6145 6149 6155
2 6144 6152
2 6149 6151
0
2 6145 6153
1 6150
1 6162
2 6158 6160
1 6157
1 6160
2 6157 6159
0
2 6156 6161
1 6165
1 6165
3 6163 6164 6167
1 6167
2 6165 6166
1 6173
2 6168 6173
0
2 6170 6172
2 6171 6173
3 6168 6169 6172
1 6177
0
1 6175
2 6174 6178
1 6177
1 6180
1 6179
1 6182
1 6181
1 6184
1 6183
1 6186
1 6185
0
1 6187
3 6191 6197 6198
0
3 6189 6190 6200
0
2 6192 6201
1 6195
2 6194 6198
0
2 6189 6196
3 6189 6195 6202
1 6198
2 6191 6201
2 6193 6200
1 6198
1 6206
2 6208 6210
1 6204
2 6203 6208
1 6206
2 6204 6206
1 6208
1 6204
2 6214 6219
1 6213
1 6212
2 6211 6215
1 6214
1 6217
3 6216 6218 6220
1 6217
2 6211 6218
2 6217 6221
1 6220
0
1 6226
2 6227 6232
3 6224 6227 6229
3 6223 6227 6231
3 6224 6225 6226
0
3 6225 6228 6232
1 6231
2 6226 6230
2 6224 6229
0
3 6235 6240 6242
1 6234
0
2 6236 6245
1 6243
1 6238
2 6234 6241
1 6240
2 6234 6243
2 6238 6242
1 6245
2 6237 6244
0
1 6246
0
0
2 6251 6257
2 6250 6254
1 6253
1 6252
1 6251
1 6254
1 6257
2 6250 6256
0
1 6264
4 6261 6262 6263 6264
2 6260 6262
3 6260 6261 6263
2 6260 6262
2 6259 6260
0
1 6268
1 6266
2 6266 6269
1 6268
0
3 6270 6274 6277
0
1 6272
2 6271 6275
1 6274
0
2 6271 6276
1 6279
2 6278 6280
2 6279 6283
2 6282 6284
2 6281 6289
1 6280
2 6281 6283
0
1 6285
1 6288
1 6287
1 6282
1 6292
1 6302
4 6290 6291 6293 6303
2 6292 6294
1 6293
0
1 6295
0
1 6297
0
1 6299
1 6302
2 6291 6301
1 6292
1 6303
0
2 6310 6313
0
1 6307
1 6310
3 6306 6309 6311
2 6310 6312
1 6311
1 6306
1 6315
3 6314 6316 6322
1 6315
0
1 6317
0
2 6319 6321
2 6320 6322
2 6315 6321
1 6335
1 6327
2 6324 6335
0
2 6324 6326
0
1 6328
1 6335
1 6330
2 6333 6335
1 6332
0
5 6323 6325 6330 6332 6334
0
5 6338 6341 6343 6345 6346
2 6337 6341
1 6340
3 6339 6342 6344
3 6337 6338 6342
2 6340 6341
2 6337 6344
2 6340 6343
2 6337 6346
2 6337 6345
0
2 6349 6353
3 6348 6357 6361
0
1 6350
2 6353 6355
3 6348 6352 6360
1 6355
3 6352 6354 6356
1 6355
2 6349 6356
1 6359
1 6358
1 6353
2 6349 6360
0
1 6365
1 6365
3 6363 6364 6366
1 6365
1 6366
0
0
1 6369
1 6372
1 6371
1 6374
2 6373 6383
0
1 6375
2 6378 6383
1 6377
0
2 6379 6382
1 6382
2 6380 6381
2 6374 6377
1 6394
2 6386 6387
2 6385 6387
2 6385 6386
2 6387 6389
2 6388 6390
2 6389 6393
2 6392 6394
1 6391
1 6390
3 6384 6391 6393
0
2 6397 6404
1 6396
2 6401 6404
2 6398 6401
0
3 6398 6399 6400
0
1 6402
2 6396 6398
0
2 6407 6416
1 6406
0
1 6408
1 6411
2 6410 6414
1 6413
1 6412
3 6411 6415 6419
1 6414
3 6406 6417 6419
1 6416
0
3 6414 6416 6418
1 6430
2 6422 6427
3 6421 6429 6431
1 6424
1 6423
2 6426 6432
1 6425
2 6421 6428
1 6427
1 6422
2 6420 6429
1 6422
2 6425 6431
1 6434
2 6433 6440
2 6434 6443
3 6437 6443 6446
1 6436
0
1 6438
1 6434
2 6440 6444
0
3 6435 6436 6442
2 6441 6445
2 6444 6448
2 6436 6447
1 6446
1 6445
0
1 6451
2 6450 6459
0
1 6452
1 6456
1 6454
3 6454 6457 6461
1 6456
0
2 6451 6458
0
2 6456 6460
0
1 6462
2 6471 6476
2 6466 6473
1 6465
1 6468
1 6467
0
2 6469 6471
4 6464 6470 6472 6473
1 6471
2 6465 6471
1 6473
1 6476
2 6464 6475
2 6479 6480
1 6480
2 6477 6478
2 6477 6478
2 6480 6482
1 6481
0
0
2 6484 6491
0
1 6486
0
2 6488 6490
1 6489
2 6485 6490
0
1 6492
1 6495
1 6494
0
2 6498 6509
3 6497 6502 6509
1 6498
2 6502 6506
1 6500
3 6498 6500 6503
1 6502
0
1 6504
2 6500 6507
2 6506 6510
0
3 6497 6498 6508
1 6507
0
1 6518
4 6512 6518 6519 6520
1 6515
1 6514
2 6518 6520
1 6516
3 6512 6513 6516
2 6513 6518
2 6513 6516
0
1 6523
4 6522 6525 6526 6527
1 6525
2 6523 6524
2 6523 6527
2 6523 6526
1 6531
1 6530
2 6529 6531
3 6528 6530 6532
1 6531
2 6535 6536
3 6535 6536 6537
2 6533 6534
3 6533 6534 6537
2 6534 6536
0
1 6540
1 6539
1 6542
1 6541
1 6544
1 6543
2 6546 6550
1 6545
1 6548
1 6547
1 6551
3 6545 6549 6553
2 6549 6553
1 6551
2 6550 6551
1 6558
1 6558
2 6555 6557
2 6556 6558
3 6554 6555 6557
2 6561 6562
1 6561
3 6559 6560 6562
3 6559 6561 6563
1 6562
2 6568 6569
1 6566
1 6565
0
2 6564 6567
1 6564
1 6577
2 6573 6577
1 6571
1 6571
1 6573
1 6576
1 6575
2 6570 6571
1 6582
3 6580 6581 6584
2 6579 6584
3 6579 6582 6584
3 6578 6581 6583
2 6582 6584
4 6579 6580 6581 6583
1 6586
2 6585 6588
1 6586
2 6586 6589
2 6588 6590
2 6589 6598
2 6590 6597
1 6593
1 6592
1 6595
1 6594
1 6597
2 6591 6596
1 6590
1 6598
0
0
2 6601 6606
0
1 6603
0
3 6602 6605 6609
0
1 6607
1 6606
2 6609 6613
1 6612
1 6611
1 6610
1 6613
1 6616
1 6615
3 6616 6619 6622
2 6619 6621
3 6617 6618 6621
0
3 6618 6619 6620
3 6617 6623 6624
1 6622
1 6622
0
1 6631
2 6626 6628
3 6627 6629 6636
1 6628
0
2 6626 6630
0
1 6632
1 6635
1 6634
1 6628
0
1 6639
1 6638
2 6641 6643
1 6640
1 6643
2 6640 6642
2 6645 6646
2 6644 6646
3 6644 6645 6648
1 6648
2 6646 6647
2 6653 6655
3 6654 6657 6658
1 6650
0
2 6649 6652
2 6650 6655
2 6649 6654
0
3 6650 6656 6658
2 6650 6657
0
1 6661
2 6660 6662
1 6661
2 6662 6666
0
1 6664
1 6663
0
1 6669
1 6668
0
1 6670
1 6673
1 6672
1 6675
1 6674
1 6677
1 6676
0
0
1 6679
3 6685 6687 6688
3 6681 6684 6686
0
2 6682 6683
2 6681 6686
3 6682 6685 6690
1 6681
2 6681 6687
1 6690
2 6686 6689
0
2 6697 6699
2 6694 6699
2 6693 6698
2 6696 6699
1 6695
1 6692
2 6694 6697
3 6692 6693 6695
0
0
1 6701
1 6704
1 6703
1 6708
2 6705 6710
0
4 6705 6707 6711 6712
1 6710
2 6706 6709
2 6708 6713
2 6708 6711
1 6711
0
1 6724
2 6715 6718
0
2 6716 6717
1 6720
1 6719
1 6722
1 6721
1 6725
2 6715 6723
1 6723
1 6732
0
2 6727 6729
3 6728 6730 6738
1 6729
0
2 6726 6731
1 6734
1 6733
1 6740
1 6735
1 6741
2 6729 6737
1 6740
2 6735 6739
1 6737
0
1 6748
1 6743
1 6746
2 6745 6753
1 6748
2 6743 6747
2 6750 6753
2 6749 6753
1 6752
1 6751
4 6746 6749 6750 6754
1 6753
2 6757 6762
0
2 6755 6756
1 6760
1 6758
2 6758 6762
1 6760
2 6755 6760
0
1 6766
1 6764
2 6764 6767
2 6766 6768
2 6767 6769
1 6768
0
2 6772 6774
2 6771 6773
1 6772
1 6771
2 6774 6777
0
2 6775 6776
1 6780
2 6780 6781
2 6778 6779
3 6779 6782 6783
1 6781
2 6781 6784
1 6783
0
1 6792
2 6788 6792
2 6787 6789
1 6788
2 6789 6793
1 6794
3 6786 6787 6791
1 6790
2 6791 6793
2 6801 6804
0
1 6796
1 6799
2 6798 6804
2 6801 6805
2 6795 6800
1 6803
1 6802
3 6795 6799 6805
2 6800 6804
0
1 6808
2 6807 6810
1 6817
2 6808 6809
0
1 6811
1 6817
2 6813 6815
1 6814
1 6815
2 6809 6813
0
0
1 6819
1 6822
2 6821 6825
0
1 6823
1 6822
0
3 6828 6836 6838
1 6827
1 6830
1 6829
1 6832
2 6831 6837
1 6835
1 6833
1 6833
2 6827 6835
1 6832
2 6827 6837
2 6841 6842
1 6841
4 6839 6840 6842 6843
2 6839 6841
2 6841 6842
1 6848
0
2 6845 6851
1 6851
2 6844 6847
1 6852
1 6849
2 6846 6847
2 6849 6851
2 6855 6857
1 6855
2 6853 6854
3 6857 6858 6859
3 6853 6856 6859
1 6856
3 6856 6857 6858
1 6864
1 6866
1 6861
0
3 6860 6863 6865
1 6864
2 6861 6865
0
0
0
1 6869
0
2 6871 6877
0
1 6873
1 6876
1 6875
1 6872
1 6877
0
0
2 6880 6886
1 6883
2 6882 6886
2 6885 6887
1 6884
3 6881 6883 6890
2 6884 6886
1 6889
1 6888
1 6886
2 6892 6894
2 6891 6893
1 6892
2 6891 6895
1 6894
0
2 6898 6906
2 6897 6903
0
2 6899 6902
0
3 6900 6901 6904
3 6898 6904 6907
2 6902 6903
1 6906
3 6897 6905 6908
1 6903
2 6906 6907
1 6918
0
3 6910 6913 6919
1 6913
3 6911 6912 6920
1 6915
1 6914
0
1 6916
3 6909 6919 6920
3 6911 6918 6920
3 6913 6918 6919
1 6922
2 6921 6923
1 6922
2 6925 6927
1 6924
1 6927
2 6924 6926
0
1 6928
1 6931
1 6930
0
2 6934 6937
2 6933 6937
2 6934 6937
1 6937
4 6933 6934 6935 6936
3 6941 6944 6946
1 6946
2 6939 6943
2 6938 6942
1 6941
2 6940 6947
2 6938 6943
1 6947
3 6938 6939 6945
3 6943 6945 6948
1 6947
0
2 6951 6954
1 6950
0
1 6952
1 6950
1 6954
1 6957
1 6956
0
0
1 6968
3 6960 6969 6971
2 6963 6967
1 6962
1 6965
1 6964
1 6967
2 6962 6966
2 6960 6969
2 6961 6968
1 6971
2 6961 6970
0
1 6972
0
1 6976
2 6975 6985
0
1 6977
0
2 6979 6985
1 6982
1 6981
0
2 6983 6986
2 6976 6980
2 6984 6985
0
0
1 6994
1 6989
0
1 6991
0
2 6989 6993
1 6997
1 6995
1 6995
1 6997
1 7000
1 6999
2 7002 7005
3 7001 7004 7005
1 7002
2 7002 7005
3 7001 7002 7004
0
0
1 7009
1 7008
0
2 7010 7019
1 7013
3 7012 7019 7021
1 7015
1 7014
1 7017
1 7016
1 7019
3 7011 7013 7018
2 7021 7022
2 7013 7020
1 7020
1 7029
1 7030
1 7024
0
1 7026
1 7029
2 7023 7028
1 7024
1 7039
2 7033 7045
1 7032
1 7043
2 7034 7040
2 7037 7040
1 7036
1 7044
2 7031 7038
2 7035 7036
1 7040
0
2 7034 7042
1 7038
2 7032 7044
0
1 7048
1 7047
1 7048
1 7051
1 7050
0
1 7052
0
1 7054
1 7057
1 7056
1 7059
1 7058
0
1 7070
0
2 7062 7068
2 7065 7067
2 7064 7067
1 7067
3 7064 7065 7066
2 7063 7069
1 7068
1 7061
0
2 7073 7078
3 7072 7079 7083
1 7075
1 7074
0
1 7076
2 7072 7079
2 7073 7078
1 7081
1 7080
0
2 7073 7082
1 7085
1 7084
1 7093
1 7088
2 7087 7092
1 7095
1 7089
1 7092
2 7088 7091
2 7086 7094
1 7093
1 7089
0
1 7098
1 7097
0
1 7099
0
1 7101
1 7104
1 7103
1 7106
1 7105
0
1 7107
0
1 7109
0
0
2 7112 7119
0
1 7114
0
1 7116
0
2 7113 7118
1 7121
1 7120
0
1 7128
1 7129
1 7124
2 7127 7131
2 7126 7132
4 7123 7129 7130 7133
3 7124 7128 7133
2 7128 7131
2 7126 7130
2 7127 7133
3 7128 7129 7132
0
0
0
1 7136
1 7146
1 7138
1 7141
1 7140
1 7143
1 7142
1 7145
1 7144
2 7138 7147
1 7146
0
1 7148
0
4 7152 7153 7154 7158
2 7151 7158
2 7151 7156
2 7151 7153
1 7156
2 7153 7155
0
3 7151 7152 7157
0
0
2 7160 7163
1 7163
2 7161 7162
0
1 7164
0
1 7166
0
1 7168
0
1 7170
0
1 7176
2 7173 7175
1 7174
4 7173 7175 7177 7178
2 7176 7178
2 7176 7177
0
1 7181
2 7180 7190
1 7183
1 7182
1 7193
1 7184
1 7187
1 7186
1 7189
2 7188 7192
1 7181
1 7190
1 7189
2 7184 7192
1 7204
3 7196 7198 7203
3 7195 7197 7199
3 7196 7198 7199
2 7195 7197
2 7196 7197
1 7199
1 7202
2 7201 7204
2 7195 7204
3 7194 7202 7203
0
0
2 7215 7216
1 7207
0
1 7209
1 7214
1 7211
0
3 7211 7213 7218
1 7207
2 7207 7215
1 7218
2 7214 7217
0
1 7222
1 7222
2 7220 7221
2 7224 7229
1 7223
1 7226
1 7225
1 7228
1 7227
1 7223
1 7229
2 7232 7234
1 7231
0
2 7231 7233
0
2 7237 7240
4 7236 7239 7240 7241
1 7237
2 7237 7241
3 7236 7237 7239
2 7237 7239
0
2 7245 7246
2 7243 7249
1 7243
2 7243 7245
1 7249
1 7247
2 7244 7247
0
0
3 7251 7254 7256
0
3 7252 7253 7255
2 7254 7256
2 7252 7255
1 7258
1 7257
1 7258
1 7262
1 7260
2 7260 7263
1 7262
0
2 7266 7271
2 7265 7267
2 7266 7268
1 7267
0
1 7269
3 7265 7272 7273
1 7271
1 7271
0
2 7276 7288
2 7275 7277
1 7276
1 7277
1 7280
2 7279 7286
1 7282
1 7281
0
2 7283 7285
2 7284 7286
2 7280 7285
0
2 7275 7287
0
1 7291
2 7290 7300
0
1 7292
0
1 7294
2 7297 7300
1 7296
2 7299 7300
2 7298 7303
4 7291 7296 7298 7301
1 7300
1 7303
2 7299 7302
1 7306
3 7306 7310 7311
5 7304 7305 7307 7309 7310
1 7306
1 7307
1 7306
3 7305 7306 7309
1 7305
0
2 7314 7318
3 7313 7315 7320
2 7314 7316
1 7315
1 7318
2 7313 7317
0
2 7314 7319
0
3 7325 7326 7327
2 7324 7328
2 7323 7329
3 7322 7326 7328
3 7322 7325 7327
2 7322 7326
3 7323 7325 7327
1 7324
2 7331 7332
3 7330 7332 7333
3 7330 7331 7333
3 7331 7332 7334
1 7333
0
2 7337 7342
3 7336 7338 7341
1 7337
1 7338
1 7341
2 7337 7340
1 7336
1 7342
0
1 7344
0
1 7346
0
1 7348
1 7353
2 7352 7353
2 7351 7354
3 7350 7351 7354
2 7352 7353
0
2 7357 7359
1 7356
1 7359
3 7356 7358 7360
3 7359 7361 7364
1 7360
1 7366
1 7362
2 7360 7370
1 7364
1 7362
2 7366 7369
1 7369
2 7367 7368
1 7364
1 7373
1 7377
2 7371 7372
1 7375
1 7374
2 7377 7379
2 7372 7376
1 7379
2 7376 7378
1 7383
1 7382
1 7381
2 7380 7385
1 7383
1 7383
1 7385
0
1 7387
1 7390
1 7389
0
1 7396
2 7394 7399
2 7393 7400
0
2 7392 7395
0
2 7397 7401
1 7393
2 7394 7399
2 7398 7402
1 7401
0
1 7412
2 7406 7417
1 7405
0
1 7407
0
3 7409 7415 7416
1 7412
2 7404 7411
1 7414
1 7413
1 7410
2 7410 7415
1 7405
0
2 7421 7423
1 7419
3 7419 7422 7424
1 7421
1 7419
2 7421 7423
0
2 7427 7430
1 7426
1 7429
1 7428
1 7426
2 7430 7432
1 7431
1 7432
2 7437 7439
2 7436 7438
2 7435 7439
3 7434 7439 7440
2 7435 7437
4 7434 7436 7437 7440
2 7437 7439
1 7446
0
1 7442
2 7445 7448
1 7444
1 7441
2 7446 7449
3 7444 7449 7453
2 7447 7448
0
1 7450
0
2 7448 7452
1 7463
0
1 7455
1 7464
1 7457
1 7460
2 7459 7462
0
2 7460 7461
1 7454
2 7457 7463
3 7467 7471 7472
2 7468 7471
2 7465 7466
3 7466 7469 7471
1 7468
1 7471
4 7465 7466 7468 7470
2 7465 7473
1 7472
2 7480 7487
1 7476
1 7475
0
1 7477
1 7480
3 7474 7479 7485
1 7482
1 7481
1 7484
1 7483
1 7480
1 7485
1 7474
2 7489 7490
2 7488 7490
2 7488 7489
1 7492
1 7491
2 7494 7498
2 7493 7495
2 7494 7499
1 7497
1 7496
2 7493 7499
3 7495 7498 7500
1 7499
0
1 7503
1 7502
1 7505
1 7504
1 7508
1 7506
2 7506 7509
1 7508
1 7511
1 7510
2 7522 7524
1 7514
3 7513 7519 7526
1 7520
1 7515
1 7518
2 7517 7525
3 7514 7520 7521
2 7515 7519
2 7519 7522
2 7512 7521
0
2 7512 7523
1 7518
2 7514 7525
1 7532
2 7529 7533
1 7528
1 7531
2 7530 7532
3 7527 7531 7533
2 7528 7532
0
4 7537 7538 7539 7540
2 7537 7540
3 7535 7536 7541
3 7535 7539 7540
2 7535 7538
3 7535 7536 7538
2 7537 7540
0
0
2 7543 7555
1 7546
2 7545 7552
1 7548
2 7547 7554
1 7554
1 7549
1 7552
3 7546 7551 7555
1 7554
3 7548 7549 7553
2 7544 7552
1 7555
0
0
0
1 7559
2 7562 7563
1 7561
1 7561
0
1 7566
1 7565
2 7568 7577
1 7567
1 7570
1 7569
0
2 7571 7575
1 7574
1 7573
2 7572 7576
1 7575
2 7567 7578
1 7577
0
0
1 7580
0
1 7582
1 7585
2 7584 7592
0
1 7586
1 7589
2 7588 7590
1 7589
1 7590
1 7585
1 7592
0
1 7601
3 7595 7602 7603
1 7603
1 7597
0
2 7599 7608
1 7595
2 7596 7601
2 7596 7597
1 7603
1 7606
1 7605
1 7608
2 7600 7607
1 7613
2 7611 7617
3 7610 7615 7616
0
2 7609 7612
0
2 7611 7614
1 7611
3 7610 7616 7620
1 7619
1 7618
2 7617 7621
1 7620
3 7625 7626 7631
1 7624
1 7623
2 7622 7626
3 7622 7625 7630
1 7628
1 7627
1 7630
3 7626 7629 7634
1 7622
1 7631
1 7634
2 7630 7633
0
2 7637 7643
3 7636 7642 7643
0
1 7638
2 7641 7645
1 7640
2 7637 7644
3 7636 7637 7642
1 7642
4 7640 7644 7647 7648
0
2 7645 7646
1 7645
1 7648
0
0
2 7653 7664
3 7652 7657 7664
1 7655
1 7654
0
2 7653 7656
3 7659 7663 7665
1 7658
0
1 7660
1 7663
2 7658 7662
3 7652 7653 7665
2 7658 7664
1 7668
0
2 7666 7667
1 7671
2 7669 7671
2 7669 7670
2 7679 7682
2 7674 7679
2 7673 7676
0
2 7674 7675
1 7678
2 7677 7683
3 7672 7673 7682
2 7679 7681
1 7680
3 7672 7679 7681
2 7678 7684
1 7683
2 7690 7691
0
2 7686 7691
1 7689
1 7688
2 7685 7691
3 7685 7687 7690
1 7693
2 7692 7694
1 7693
2 7696 7700
2 7695 7697
1 7696
2 7699 7704
1 7698
2 7695 7703
1 7700
0
3 7700 7702 7706
1 7698
1 7704
2 7703 7707
1 7706
0
1 7708
0
2 7712 7721
2 7711 7715
0
1 7713
3 7712 7716 7719
1 7715
1 7718
1 7717
2 7715 7720
1 7719
2 7711 7722
1 7721
0
1 7725
3 7724 7729 7733
1 7727
2 7726 7731
0
3 7725 7728 7731
0
4 7727 7729 7730 7732
2 7731 7733
2 7725 7732
0
0
2 7735 7748
2 7738 7748
1 7737
1 7740
1 7739
1 7748
1 7741
0
1 7743
0
1 7745
1 7748
4 7736 7737 7741 7747
0
3 7751 7756 7758
1 7750
2 7753 7754
3 7752 7755 7758
2 7752 7755
2 7753 7754
2 7750 7757
1 7756
2 7750 7753
0
0
2 7760 7764
2 7763 7770
2 7762 7772
3 7761 7765 7771
2 7764 7769
2 7767 7769
1 7766
1 7769
3 7765 7766 7768
2 7762 7771
2 7764 7770
1 7763
1 7772
0
1 7776
1 7775
1 7778
1 7777
1 7780
1 7779
1 7782
1 7781
1 7784
1 7783
2 7786 7787
2 7785 7788
2 7785 7788
2 7786 7787
1 7790
2 7789 7793
1 7790
1 7793
2 7790 7792
3 7799 7800 7802
1 7796
1 7795
2 7798 7799
2 7797 7801
3 7794 7797 7800
2 7794 7799
2 7798 7802
2 7794 7801
0
0
0
2 7805 7807
3 7806 7808 7810
1 7807
1 7810
2 7807 7809
0
1 7811
2 7814 7817
1 7813
1 7816
1 7815
1 7813
1 7817
1 7824
0
1 7820
0
1 7822
2 7819 7825
1 7824
1 7827
1 7826
1 7829
1 7828
2 7831 7832
1 7830
1 7830
2 7834 7836
3 7833 7835 7839
2 7834 7836
3 7833 7835 7837
2 7836 7842
0
2 7834 7838
0
1 7840
1 7837
0
0
2 7844 7848
1 7847
1 7846
2 7845 7853
1 7848
0
1 7850
0
2 7848 7852
1 7855
1 7854
0
1 7858
2 7857 7862
1 7860
1 7859
1 7862
3 7858 7861 7865
1 7864
2 7863 7865
2 7862 7864
1 7865
1 7874
1 7869
2 7868 7870
2 7869 7873
1 7870
0
2 7870 7872
2 7867 7875
1 7874
0
0
3 7877 7880 7883
1 7886
2 7878 7879
2 7885 7886
1 7881
2 7878 7884
1 7883
1 7881
3 7879 7881 7885
0
1 7887
0
1 7889
0
0
1 7892
1 7895
1 7894
2 7897 7900
2 7896 7904
0
2 7898 7906
1 7896
1 7900
0
1 7902
2 7897 7905
2 7904 7906
2 7899 7905
1 7911
0
3 7908 7910 7916
1 7909
3 7907 7910 7916
1 7913
1 7912
1 7915
1 7914
2 7909 7911
1 7916
3 7920 7921 7923
2 7920 7926
3 7918 7919 7927
1 7918
1 7921
1 7918
1 7923
1 7926
2 7919 7925
1 7920
1 7933
2 7930 7933
2 7929 7933
0
1 7931
3 7928 7929 7930
0
2 7936 7937
3 7935 7940 7941
3 7935 7938 7942
1 7937
1 7942
2 7936 7939
1 7936
3 7937 7939 7941
0
0
1 7944
1 7947
2 7946 7954
2 7949 7954
1 7948
1 7952
1 7950
1 7950
1 7952
2 7947 7948
1 7954
0
1 7962
1 7957
1 7963
1 7959
2 7962 7963
2 7957 7961
3 7959 7961 7964
1 7963
0
0
2 7966 7970
1 7970
1 7968
3 7967 7968 7972
1 7970
1 7970
0
1 7975
1 7974
1 7977
1 7976
1 7979
2 7978 7982
1 7981
1 7980
2 7979 7983
1 7982
1 7996
3 7986 7992 7993
1 7985
0
3 7987 7990 7996
1 7990
2 7988 7989
0
2 7985 7991
2 7985 7994
1 7993
0
3 7984 7988 7995
0
1 7999
2 7998 8001
1 8001
2 7999 8000
0
1 8004
3 8003 8007 8009
1 8006
2 8005 8012
2 8004 8011
1 8007
1 8004
1 8009
2 8007 8012
2 8006 8011
0
1 8013
1 8016
2 8015 8017
1 8016
0
2 8018 8022
1 8021
1 8020
1 8019
1 8022
0
0
2 8025 8027
3 8026 8036 8038
2 8027 8032
1 8030
4 8029 8031 8037 8039
1 8030
2 8028 8031
0
1 8033
1 8036
2 8027 8035
2 8030 8038
2 8027 8037
1 8030
1 8046
1 8052
3 8041 8050 8053
0
1 8043
0
2 8040 8045
1 8048
2 8047 8051
1 8050
2 8042 8049
1 8048
2 8041 8051
1 8042
0
1 8063
1 8055
0
1 8057
1 8060
2 8059 8064
2 8062 8063
1 8061
4 8055 8061 8064 8066
2 8060 8063
1 8066
2 8063 8065
0
1 8067
1 8073
1 8071
1 8070
0
2 8069 8072
1 8075
1 8074
1 8077
1 8076
0
1 8082
2 8081 8085
1 8080
3 8079 8083 8084
1 8082
2 8082 8091
2 8080 8084
0
2 8086 8092
1 8089
1 8088
1 8091
2 8084 8090
1 8087
2 8095 8100
1 8095
2 8093 8094
1 8097
2 8096 8100
1 8100
1 8098
3 8093 8097 8098
0
1 8104
3 8102 8104 8105
3 8102 8103 8105
2 8103 8104
0
1 8108
1 8107
1 8110
1 8109
0
2 8111 8119
0
1 8113
0
1 8115
1 8118
1 8117
1 8112
1 8119
0
0
0
2 8123 8131
0
1 8125
1 8128
2 8127 8132
1 8130
1 8129
2 8124 8132
2 8128 8131
0
1 8137
2 8134 8137
0
3 8134 8135 8136
0
1 8138
1 8142
2 8142 8143
4 8140 8141 8143 8144
2 8141 8142
2 8142 8143
1 8155
1 8147
1 8146
2 8149 8152
2 8148 8153
1 8151
1 8150
1 8148
2 8149 8152
2 8155 8157
2 8145 8154
1 8157
2 8154 8156
0
1 8158
1 8167
0
2 8161 8164
1 8164
2 8162 8163
1 8166
1 8165
1 8160
0
1 8170
3 8169 8174 8176
1 8172
1 8171
0
2 8170 8173
1 8176
3 8170 8175 8177
1 8176
2 8177 8179
1 8178
2 8192 8193
2 8182 8189
2 8181 8185
1 8184
1 8183
2 8182 8186
2 8185 8191
1 8188
1 8187
4 8181 8190 8191 8192
1 8189
3 8186 8189 8192
3 8180 8189 8191
1 8180
1 8203
0
1 8195
1 8198
2 8197 8201
2 8200 8203
1 8199
3 8198 8202 8204
1 8201
3 8194 8199 8204
2 8201 8203
0
2 8209 8211
0
3 8207 8210 8211
3 8206 8210 8211
2 8208 8209
3 8206 8208 8209
2 8219 8220
1 8220
1 8213
1 8216
2 8215 8221
1 8218
1 8217
1 8212
3 8212 8213 8219
1 8216
1 8225
1 8224
1 8223
2 8222 8226
1 8225
0
2 8227 8230
0
2 8228 8229
0
2 8234 8237
3 8234 8235 8237
2 8232 8233
3 8233 8236 8238
2 8235 8237
4 8232 8233 8236 8238
2 8235 8237
1 8244
1 8242
1 8240
2 8240 8243
2 8242 8246
1 8239
1 8244
1 8243
0
2 8249 8252
1 8248
1 8251
1 8250
2 8248 8253
2 8252 8258
1 8256
1 8254
2 8254 8257
1 8256
1 8253
1 8262
1 8264
2 8260 8264
1 8259
1 8262
3 8260 8261 8265
1 8264
2 8271 8276
0
3 8267 8270 8276
1 8275
3 8268 8269 8275
2 8266 8273
1 8271
1 8271
1 8273
2 8269 8270
3 8266 8268 8275
1 8281
3 8279 8281 8283
2 8278 8283
0
4 8277 8278 8280 8282
2 8281 8283
4 8278 8279 8282 8284
1 8283
0
0
2 8286 8289
1 8289
2 8287 8288
0
1 8290
1 8293
3 8292 8294 8299
1 8293
2 8294 8298
1 8298
1 8296
3 8295 8296 8299
2 8293 8298
0
1 8309
1 8301
0
1 8303
2 8306 8311
1 8305
1 8308
1 8307
2 8301 8310
1 8309
2 8305 8312
1 8311
1 8314
1 8313
1 8318
3 8317 8318 8319
1 8316
3 8315 8316 8319
2 8316 8318
0
1 8322
2 8321 8323
2 8322 8324
1 8323
0
2 8325 8329
0
1 8327
3 8326 8330 8331
1 8329
1 8329
2 8338 8341
2 8334 8337
1 8333
2 8336 8337
3 8335 8341 8342
2 8333 8335
2 8332 8337
0
1 8339
3 8332 8336 8342
2 8336 8341
1 8348
1 8349
1 8344
2 8347 8351
1 8346
1 8343
4 8344 8348 8350 8351
2 8349 8351
3 8346 8349 8350
0
0
2 8355 8359
1 8354
0
1 8356
1 8360
3 8354 8358 8361
1 8358
2 8359 8360
0
1 8362
1 8365
1 8364
1 8374
2 8368 8371
1 8367
2 8370 8374
1 8369
1 8367
3 8371 8373 8376
1 8372
3 8366 8369 8373
1 8376
2 8372 8375
0
0
2 8380 8381
1 8379
3 8379 8385 8386
2 8381 8386
0
1 8383
2 8381 8388
3 8381 8382 8385
0
2 8385 8387
0
1 8391
1 8390
1 8401
1 8392
1 8395
1 8394
1 8397
2 8396 8398
2 8397 8399
1 8398
1 8402
2 8392 8400
1 8400
2 8402 8404
1 8403
0
2 8413 8418
2 8406 8417
3 8409 8411 8412
2 8408 8416
1 8411
2 8408 8410
1 8408
2 8406 8412
1 8415
2 8414 8418
2 8409 8417
2 8407 8416
2 8406 8415
1 8421
1 8421
3 8419 8420 8423
1 8423
3 8421 8422 8428
1 8425
2 8424 8427
0
2 8425 8426
1 8423
0
0
2 8430 8438
1 8436
2 8432 8434
3 8433 8435 8438
1 8434
2 8432 8437
1 8436
3 8431 8434 8439
1 8438
0
0
1 8441
1 8444
1 8443
2 8451 8455
1 8447
2 8446 8453
3 8450 8454 8455
2 8448 8457
2 8448 8451
2 8445 8450
0
2 8447 8452
3 8448 8455 8458
3 8445 8448 8454
0
2 8449 8456
1 8454
2 8463 8469
4 8461 8463 8467 8468
1 8460
1 8463
3 8459 8460 8462
1 8465
1 8464
1 8467
2 8460 8466
2 8460 8469
2 8459 8468
0
1 8474
0
3 8472 8474 8475
3 8471 8473 8475
2 8473 8474
0
0
2 8477 8484
1 8483
2 8479 8485
1 8482
2 8481 8483
2 8479 8482
2 8478 8483
2 8480 8486
1 8485
0
1 8493
1 8488
4 8491 8493 8494 8499
2 8490 8496
1 8493
3 8488 8490 8492
1 8490
2 8494 8496
3 8491 8495 8497
1 8496
1 8499
2 8490 8498
2 8501 8502
2 8500 8502
3 8500 8501 8503
2 8502 8504
1 8503
1 8510
1 8507
2 8506 8510
2 8509 8511
2 8508 8510
3 8505 8507 8509
2 8508 8510
0
1 8514
2 8513 8520
1 8520
2 8515 8517
2 8516 8520
1 8517
1 8521
4 8514 8515 8517 8519
2 8519 8522
1 8521
1 8525
1 8525
3 8523 8524 8526
2 8525 8527
1 8526
0
1 8530
1 8529
1 8532
2 8531 8536
1 8534
1 8533
1 8536
3 8532 8535 8543
1 8538
1 8537
1 8540
1 8539
0
1 8541
1 8536
1 8548
1 8547
2 8545 8550
2 8545 8548
3 8544 8547 8550
0
3 8546 8548 8549
4 8552 8559 8563 8564
2 8551 8553
1 8552
2 8555 8559
1 8554
0
2 8556 8558
2 8557 8559
3 8551 8554 8558
0
1 8560
0
2 8551 8562
2 8551 8565
1 8564
0
1 8572
1 8571
2 8568 8571
0
4 8568 8569 8570 8572
2 8567 8571
1 8572
1 8576
2 8579 8580
3 8574 8575 8577
2 8576 8579
1 8577
2 8575 8577
2 8575 8579
2 8584 8590
2 8583 8584
2 8582 8593
3 8581 8582 8585
1 8584
1 8587
2 8586 8590
0
1 8588
3 8581 8587 8591
1 8590
1 8593
2 8583 8592
1 8595
1 8594
0
0
1 8601
1 8598
1 8601
3 8598 8600 8602
1 8601
1 8602
0
2 8606 8607
3 8605 8607 8608
2 8605 8606
3 8606 8607 8609
2 8608 8610
1 8609
0
1 8617
1 8612
0
2 8614 8622
1 8621
3 8612 8616 8619
1 8619
2 8617 8618
0
2 8616 8620
1 8615
3 8624 8628 8629
2 8623 8625
2 8624 8628
1 8630
2 8626 8628
3 8623 8625 8627
2 8623 8628
1 8626
1 8630
0
0
1 8633
1 8636
2 8635 8643
1 8638
1 8637
1 8640
2 8639 8642
0
2 8640 8641
1 8636
1 8643
1 8646
1 8645
0
2 8649 8655
2 8648 8661
2 8651 8652
1 8650
2 8650 8655
1 8652
1 8659
3 8648 8652 8654
1 8657
2 8656 8660
1 8659
2 8654 8658
2 8657 8661
2 8649 8660
0
2 8664 8666
2 8663 8669
2 8666 8667
2 8663 8665
1 8665
1 8667
2 8664 8670
1 8669
0
3 8675 8676 8678
1 8674
2 8673 8677
1 8672
2 8672 8675
2 8674 8678
2 8672 8677
2 8682 8685
2 8681 8686
3 8680 8687 8689
1 8679
1 8682
1 8685
2 8679 8684
1 8680
3 8681 8686 8689
0
3 8681 8687 8688
1 8692
1 8692
3 8690 8691 8693
2 8692 8694
1 8693
1 8699
2 8695 8699
1 8703
1 8697
3 8695 8696 8700
1 8699
0
1 8701
1 8697
1 8711
2 8706 8709
1 8705
0
2 8707 8709
3 8705 8708 8713
1 8709
2 8704 8712
1 8711
1 8709
0
0
1 8715
2 8718 8726
1 8717
0
1 8719
1 8722
1 8721
0
2 8723 8725
2 8724 8728
2 8717 8725
0
2 8725 8727
2 8732 8734
1 8732
1 8730
3 8729 8730 8733
1 8732
2 8729 8735
1 8734
1 8740
2 8738 8740
2 8737 8739
2 8738 8740
4 8736 8737 8739 8741
1 8740
1 8755
1 8744
3 8743 8747 8754
1 8748
2 8745 8750
2 8744 8757
2 8745 8747
1 8750
4 8746 8749 8754 8755
0
1 8751
1 8754
3 8744 8750 8753
2 8742 8750
1 8755
1 8747
1 8764
0
1 8759
2 8762 8764
1 8761
2 8764 8765
3 8758 8761 8763
1 8763
1 8765
0
1 8767
1 8772
2 8771 8772
2 8770 8774
2 8769 8770
1 8772
1 8771
0
1 8780
1 8776
2 8780 8782
2 8778 8780
4 8776 8778 8779 8781
1 8780
1 8778
0
0
3 8784 8787 8791
0
2 8785 8786
2 8789 8791
2 8788 8792
0
3 8785 8788 8790
1 8789
1 8792
1 8796
1 8794
1 8794
1 8800
1 8801
1 8798
2 8797 8801
2 8798 8800
0
1 8804
3 8803 8807 8808
1 8806
1 8805
1 8804
2 8804 8807
0
0
3 8812 8815 8824
1 8811
1 8814
1 8813
2 8811 8816
1 8815
1 8818
1 8817
0
2 8819 8824
1 8822
1 8821
1 8824
3 8811 8820 8823
0
2 8832 8834
0
2 8827 8829
1 8828
2 8829 8834
0
2 8826 8831
1 8834
3 8826 8830 8833
0
2 8837 8838
3 8836 8844 8849
1 8836
2 8838 8849
1 8845
1 8840
1 8843
1 8842
2 8837 8845
2 8840 8844
0
1 8846
1 8850
3 8837 8839 8848
1 8848
1 8857
1 8853
1 8852
2 8855 8864
2 8854 8864
1 8865
2 8851 8856
0
1 8858
1 8861
2 8860 8866
1 8863
1 8862
3 8854 8855 8865
2 8856 8864
1 8861
0
1 8870
1 8868
2 8868 8872
1 8870
2 8870 8880
4 8872 8876 8877 8879
1 8875
2 8874 8881
2 8873 8877
2 8873 8876
0
2 8873 8878
1 8872
2 8875 8880
1 8888
1 8884
2 8883 8887
0
3 8885 8887 8888
2 8884 8886
4 8882 8886 8887 8890
0
2 8888 8889
0
1 8897
1 8892
2 8895 8897
2 8894 8901
1 8897
3 8892 8894 8896
0
1 8898
0
2 8895 8900
0
1 8916
0
1 8904
1 8907
2 8906 8916
2 8909 8917
1 8908
0
1 8910
0
1 8912
1 8915
1 8914
3 8903 8907 8917
2 8908 8916
0
0
0
3 8920 8923 8929
2 8923 8928
3 8921 8922 8924
2 8923 8925
1 8924
1 8927
1 8926
2 8922 8929
2 8921 8928
0
1 8930
3 8933 8934 8938
3 8932 8934 8936
3 8932 8933 8937
1 8936
2 8933 8935
2 8934 8938
2 8932 8937
2 8940 8942
3 8939 8941 8943
1 8940
2 8939 8943
2 8940 8942
1 8945
2 8944 8951
1 8945
1 8948
4 8947 8949 8951 8952
1 8948
1 8949
3 8945 8948 8952
2 8948 8951
0
1 8956
1 8956
2 8954 8955
0
2 8957 8959
2 8958 8960
1 8959
1 8962
1 8961
0
0
2 8966 8967
2 8965 8967
2 8965 8966
1 8967
1 8970
1 8969
2 8974 8977
0
1 8972
2 8971 8976
1 8974
2 8974 8977
3 8971 8976 8978
1 8977
1 8978
0
1 8982
2 8981 8983
2 8982 8984
1 8983
1 8986
1 8985
1 8988
1 8987
1 8992
1 8989
0
2 8989 8991
1 8994
1 8993
0
1 9003
1 9007
3 8997 9004 9006
2 9004 9006
1 8999
1 9002
1 9001
2 8996 9004
3 8998 8999 9003
0
3 8998 8999 9005
2 8997 9008
1 9007
0
2 9011 9023
1 9010
2 9013 9023
2 9012 9020
0
1 9014
2 9017 9022
1 9016
0
2 9018 9021
3 9013 9021 9024
2 9019 9020
1 9016
3 9010 9012 9022
1 9020
0
0
1 9026
0
2 9028 9031
2 9031 9039
2 9029 9030
1 9033
1 9032
1 9035
1 9034
0
1 9036
1 9039
2 9030 9038
0
1 9049
0
1 9042
0
1 9044
1 9049
1 9046
0
3 9041 9046 9048
1 9051
1 9050
0
0
2 9055 9059
2 9054 9056
2 9055 9057
1 9056
1 9060
2 9054 9058
1 9058
1 9066
0
2 9062 9064
2 9063 9067
1 9064
1 9061
2 9064 9066
0
1 9072
1 9069
1 9078
2 9069 9071
2 9075 9079
1 9073
2 9073 9076
2 9075 9077
3 9076 9078 9079
2 9071 9077
2 9073 9077
2 9082 9085
1 9082
2 9080 9081
1 9084
1 9083
2 9080 9086
2 9085 9088
1 9088
2 9086 9087
0
0
1 9090
1 9093
1 9092
1 9095
1 9094
0
0
1 9097
0
1 9099
0
1 9101
2 9104 9107
1 9103
1 9106
1 9105
2 9103 9110
1 9107
0
3 9107 9109 9111
1 9110
2 9119 9121
1 9120
2 9113 9115
2 9114 9116
1 9115
0
2 9117 9121
2 9112 9120
2 9113 9119
2 9112 9118
0
1 9124
2 9123 9130
2 9126 9127
2 9125 9129
1 9125
1 9127
2 9126 9130
2 9124 9129
1 9133
1 9135
3 9131 9132 9137
1 9135
3 9132 9134 9140
1 9142
2 9133 9136
0
2 9138 9143
2 9135 9141
1 9140
2 9136 9143
2 9139 9142
0
0
2 9147 9148
2 9146 9152
3 9146 9149 9152
1 9148
2 9152 9154
1 9150
4 9147 9148 9150 9153
1 9152
1 9150
1 9159
1 9158
2 9156 9162
2 9156 9159
2 9155 9158
0
2 9160 9162
3 9157 9161 9163
1 9162
0
0
0
3 9166 9168 9169
2 9167 9169
2 9167 9168
0
2 9175 9176
1 9171
1 9174
1 9173
1 9171
2 9171 9175
1 9178
1 9177
0
1 9179
0
2 9183 9185
1 9182
1 9185
2 9182 9184
1 9187
1 9186
1 9193
3 9190 9191 9193
3 9189 9191 9193
3 9189 9190 9193
1 9191
4 9188 9189 9190 9191
1 9200
1 9200
1 9195
1 9198
2 9197 9200
0
4 9194 9195 9198 9199
0
1 9201
2 9210 9211
1 9211
1 9204
1 9207
3 9206 9208 9211
1 9207
1 9208
2 9203 9212
4 9203 9204 9207 9210
1 9210
0
0
1 9214
1 9217
1 9216
1 9219
1 9218
2 9221 9226
1 9220
0
1 9222
0
2 9224 9226
2 9220 9225
1 9228
3 9227 9229 9230
1 9228
2 9228 9231
1 9230
1 9242
1 9234
2 9233 9241
0
1 9235
0
1 9237
1 9240
1 9239
1 9234
2 9232 9241
1 9249
1 9251
1 9244
0
1 9246
1 9249
2 9243 9248
0
2 9244 9250
0
2 9255 9257
1 9253
1 9253
1 9255
2 9253 9261
1 9257
0
1 9259
1 9257
1 9265
0
1 9263
2 9262 9266
2 9265 9270
1 9268
2 9267 9274
1 9270
3 9266 9269 9274
1 9272
1 9271
0
3 9268 9270 9273
1 9278
2 9277 9278
2 9276 9279
3 9275 9276 9279
2 9277 9278
2 9281 9290
4 9280 9282 9285 9287
1 9281
1 9284
2 9283 9288
1 9281
1 9285
2 9281 9288
2 9284 9287
0
2 9280 9289
0
0
2 9292 9303
1 9300
1 9294
1 9299
2 9296 9298
1 9297
2 9296 9298
2 9294 9301
2 9300 9302
1 9301
2 9293 9302
1 9305
1 9304
2 9308 9312
1 9308
3 9306 9307 9317
0
1 9309
0
2 9306 9311
0
1 9313
0
1 9315
1 9308
1 9319
2 9318 9320
2 9319 9323
1 9325
2 9321 9323
3 9320 9322 9326
1 9323
2 9321 9326
2 9323 9325
0
2 9332 9335
1 9328
1 9331
1 9330
1 9328
1 9332
0
2 9328 9334
0
1 9336
0
0
0
3 9340 9344 9347
2 9343 9345
1 9342
2 9341 9345
3 9342 9344 9346
1 9345
2 9341 9346
2 9350 9351
1 9352
4 9348 9349 9352 9353
2 9348 9355
3 9349 9350 9351
2 9350 9354
1 9353
1 9351
2 9359 9361
1 9358
1 9357
2 9356 9360
1 9359
1 9356
1 9361
0
1 9363
0
1 9365
0
1 9367
2 9377 9383
1 9371
1 9370
0
1 9372
0
1 9374
1 9377
2 9369 9376
0
2 9378 9383
1 9381
2 9380 9382
2 9381 9383
3 9369 9379 9382
0
1 9391
1 9387
3 9386 9388 9389
1 9387
2 9387 9388
0
2 9385 9390
0
1 9392
0
1 9400
2 9397 9400
2 9396 9400
1 9399
1 9398
3 9395 9396 9397
1 9414
0
2 9402 9404
2 9403 9413
1 9404
0
1 9406
1 9413
1 9408
2 9411 9414
1 9410
1 9413
3 9404 9408 9412
2 9401 9410
0
3 9417 9418 9420
3 9416 9421 9425
3 9416 9419 9420
1 9418
2 9416 9418
2 9417 9420
0
1 9422
1 9425
2 9417 9424
0
3 9429 9437 9440
1 9427
1 9427
2 9429 9434
1 9434
2 9431 9434
1 9434
4 9430 9431 9432 9433
0
1 9435
2 9427 9438
1 9437
0
2 9427 9439
0
2 9443 9444
1 9442
2 9442 9445
1 9444
2 9447 9450
1 9446
0
1 9448
1 9446
1 9450
1 9453
1 9452
1 9455
1 9454
1 9459
1 9458
1 9457
1 9456
2 9459 9461
1 9460
1 9461
1 9466
0
1 9464
1 9463
2 9466 9476
1 9469
3 9468 9470 9472
1 9469
2 9470 9477
2 9469 9473
1 9472
1 9475
2 9474 9476
2 9467 9475
2 9471 9476
0
2 9480 9482
2 9479 9485
1 9486
2 9479 9481
2 9485 9489
1 9483
3 9480 9483 9486
2 9481 9485
0
1 9487
1 9483
0
0
1 9491
2 9494 9501
2 9493 9502
0
1 9495
0
1 9497
1 9500
1 9499
1 9493
2 9494 9501
2 9510 9518
1 9506
1 9504
2 9504 9507
1 9506
1 9509
2 9508 9513
3 9503 9511 9516
1 9510
0
2 9509 9512
1 9515
1 9514
1 9510
1 9516
1 9503
1 9524
1 9521
2 9520 9524
2 9523 9526
1 9522
3 9519 9521 9525
2 9524 9526
2 9522 9525
4 9530 9531 9532 9537
1 9529
1 9528
1 9527
3 9527 9530 9537
1 9527
1 9532
1 9536
1 9534
2 9534 9537
3 9527 9531 9536
0
1 9538
0
1 9542
1 9541
2 9544 9548
2 9543 9554
2 9547 9554
1 9545
2 9545 9548
3 9543 9547 9554
1 9550
1 9549
1 9552
1 9551
1 9554
4 9544 9545 9548 9553
0
0
2 9556 9560
1 9559
2 9558 9561
1 9557
2 9559 9560
0
2 9562 9566
0
2 9564 9566
2 9563 9565
1 9566
0
0
1 9571
1 9570
1 9573
1 9572
1 9577
1 9574
0
2 9574 9576
2 9579 9580
1 9578
1 9578
2 9584 9589
1 9583
3 9582 9585 9589
3 9581 9585 9586
3 9583 9584 9588
2 9584 9589
1 9586
1 9585
4 9581 9583 9586 9588
2 9593 9596
2 9592 9597
2 9591 9598
3 9590 9598 9601
1 9593
1 9601
2 9590 9595
2 9591 9598
4 9592 9593 9597 9599
2 9598 9600
1 9599
2 9593 9595
0
2 9604 9609
2 9603 9607
1 9606
1 9605
2 9604 9608
1 9607
3 9603 9610 9614
1 9609
2 9612 9613
2 9611 9614
2 9611 9614
3 9609 9612 9613
1 9627
1 9619
1 9616
0
2 9616 9618
1 9621
1 9620
1 9623
1 9622
1 9625
2 9624 9628
0
2 9615 9626
1 9625
1 9628
0
0
1 9633
1 9632
0
2 9634 9639
2 9637 9638
1 9636
1 9636
3 9635 9638 9643
0
1 9640
1 9643
2 9639 9642
1 9652
2 9646 9647
2 9645 9650
2 9645 9648
1 9647
0
2 9646 9649
1 9655
2 9644 9651
1 9654
2 9653 9655
2 9651 9654
1 9657
1 9656
2 9657 9660
1 9661
2 9658 9659
1 9659
1 9667
2 9665 9667
1 9663
4 9663 9666 9669 9670
1 9665
2 9662 9663
1 9667
2 9665 9673
2 9665 9669
1 9672
1 9671
2 9669 9674
1 9673
0
1 9688
0
1 9677
0
2 9679 9687
1 9682
1 9681
1 9685
1 9683
1 9683
1 9685
1 9680
2 9676 9687
0
1 9689
0
0
2 9694 9696
2 9693 9696
1 9696
3 9693 9694 9695
1 9699
0
2 9697 9698
1 9702
1 9700
3 9700 9703 9704
2 9702 9704
2 9702 9703
2 9710 9713
0
3 9706 9708 9712
2 9707 9711
1 9708
2 9705 9711
2 9708 9710
1 9707
2 9705 9712
0
3 9716 9720 9724
3 9715 9722 9723
1 9725
1 9717
0
3 9715 9719 9724
1 9722
2 9716 9721
2 9716 9724
3 9715 9720 9723
1 9717
1 9725
1 9728
2 9727 9729
1 9728
3 9731 9732 9736
2 9730 9732
3 9730 9731 9733
2 9732 9735
2 9735 9736
2 9733 9734
3 9730 9734 9737
1 9736
1 9739
1 9738
1 9742
2 9742 9744
4 9740 9741 9743 9744
2 9742 9744
4 9741 9742 9743 9745
1 9744
0
2 9748 9751
1 9747
1 9750
2 9749 9751
2 9747 9750
0
2 9756 9762
2 9753 9759
1 9756
2 9753 9755
0
1 9757
3 9754 9760 9762
1 9759
0
3 9753 9759 9761
0
0
1 9766
1 9765
2 9771 9773
2 9767 9775
0
1 9769
2 9767 9772
1 9771
1 9767
1 9773
1 9768
1 9775
0
0
1 9780
1 9779
2 9782 9787
2 9781 9784
1 9784
2 9782 9783
0
1 9785
1 9781
0
1 9790
1 9789
1 9792
1 9791
1 9794
1 9793
1 9797
1 9797
2 9795 9796
0
2 9798 9801
0
2 9799 9800
1 9803
1 9802
2 9805 9806
1 9804
1 9804
1 9806
2 9811 9815
1 9811
2 9809 9817
3 9808 9809 9812
1 9811
2 9814 9817
2 9813 9815
3 9808 9814 9816
1 9815
2 9810 9813
1 9819
3 9818 9821 9823
1 9819
1 9819
1 9821
1 9819
1 9830
0
1 9825
0
1 9827
1 9830
2 9824 9829
0
1 9831
0
2 9833 9838
1 9836
1 9835
1 9838
2 9834 9837
0
3 9841 9847 9849
1 9840
1 9843
1 9842
1 9845
1 9844
1 9847
3 9840 9846 9848
2 9847 9849
2 9840 9848
1 9859
0
2 9851 9854
1 9854
2 9852 9853
0
1 9855
2 9858 9859
1 9857
2 9850 9857
1 9859
0
1 9863
1 9862
1 9865
2 9864 9871
1 9872
1 9866
1 9869
1 9868
1 9871
2 9865 9870
1 9866
1 9876
1 9879
2 9874 9879
2 9873 9877
1 9876
2 9879 9880
3 9874 9875 9878
1 9878
0
1 9883
2 9882 9888
2 9885 9891
1 9884
1 9887
1 9886
2 9883 9892
1 9888
0
2 9884 9890
1 9888
1 9892
1 9895
2 9894 9896
2 9895 9898
0
2 9896 9897
0
2 9901 9909
2 9900 9909
1 9903
2 9902 9905
1 9905
2 9903 9904
0
1 9906
0
3 9900 9901 9908
0
1 9915
2 9911 9917
2 9914 9917
1 9913
2 9911 9916
1 9915
3 9912 9913 9918
1 9917
1 9920
1 9919
1 9922
1 9921
0
1 9927
1 9929
2 9925 9935
3 9924 9928 9931
1 9927
3 9925 9933 9934
1 9929
2 9927 9935
2 9931 9934
2 9929 9934
3 9929 9932 9933
2 9926 9931
2 9938 9943
0
5 9936 9937 9939 9942 9943
3 9938 9940 9943
1 9939
0
2 9938 9941
3 9936 9938 9939
1 9943
1 9946
1 9945
1 9946
2 9949 9952
1 9948
1 9951
1 9950
3 9948 9953 9956
1 9952
1 9955
1 9954
1 9952
1 9956
1 9959
1 9958
1 9961
1 9960
1 9961
1 9964
1 9963
1 9974
1 9967
2 9966 9969
1 9969
2 9967 9968
1 9971
1 9970
1 9973
1 9972
2 9965 9975
1 9974
1 9980
3 9978 9980 9981
2 9977 9981
0
3 9976 9977 9979
3 9977 9978 9982
1 9981
0
1 9988
2 9986 9988
2 9985 9988
0
4 9984 9985 9986 9987
1 9990
1 9989
0
1 9991
1 9998
2 9995 9999
1 9994
2 9997 10000
1 9996
2 9993 9999
2 9994 9998
1 9996
