8304
0
1 1
1 2
1 3
2 8 9
1 5
2 6 9
1 7
1 6
1 7
2 12 13
2 11 13
2 11 12
2 15 16
1 16
2 14 15
0
2 17 23
2 18 20
0
2 19 22
0
2 21 24
0
0
1 25
1 26
1 25
2 27 28
0
0
2 33 34
2 32 34
2 32 33
2 36 37
1 37
2 35 36
2 39 40
1 38
1 38
3 42 44 46
2 41 43
3 42 45 47
2 41 45
3 43 44 47
2 41 47
3 43 45 46
3 49 60 71
3 48 50 55
3 49 51 53
2 50 52
1 51
2 50 54
1 53
3 49 56 58
2 55 57
1 56
2 55 59
1 58
3 48 61 66
3 60 62 64
2 61 63
1 62
2 61 65
1 64
3 60 67 69
2 66 68
1 67
2 66 70
1 69
3 48 72 77
3 71 73 75
2 72 74
1 73
2 72 76
1 75
3 71 78 80
2 77 79
1 78
2 77 81
1 80
3 83 85 87
2 82 84
1 83
2 82 86
1 85
2 82 88
1 87
6 90 91 92 93 95 96
6 89 91 92 94 95 97
6 89 90 93 94 96 97
6 89 90 93 94 96 97
6 89 91 92 94 95 96
6 90 91 92 93 95 97
6 89 90 93 94 96 97
6 89 91 92 93 95 97
6 90 91 92 94 95 96
6 99 100 101 102 103 104
6 98 100 101 102 103 104
5 98 99 101 102 103
6 98 99 100 102 103 104
6 98 99 100 101 103 104
6 98 99 100 101 102 104
5 98 99 101 102 103
2 106 107
1 105
1 106
2 109 110
2 108 111
3 108 109 111
2 109 110
1 113
2 112 8304
1 116
1 116
3 114 115 120
1 119
1 119
3 117 118 120
3 116 119 128
1 123
1 123
3 121 122 127
1 126
1 126
3 124 125 127
3 123 126 128
3 120 127 144
1 131
1 131
3 129 130 135
1 134
1 134
3 132 133 135
3 131 134 143
1 138
1 138
3 136 137 142
1 141
1 141
3 139 140 142
3 138 141 143
3 135 142 144
3 128 143 176
1 147
1 147
3 145 146 151
1 150
1 150
3 148 149 151
3 147 150 159
1 154
1 154
3 152 153 158
1 157
1 157
3 155 156 158
3 154 157 159
3 151 158 175
1 162
1 162
3 160 161 166
1 165
1 165
3 163 164 166
3 162 165 174
1 169
1 169
3 167 168 173
1 172
1 172
3 170 171 173
3 169 172 174
3 166 173 175
3 159 174 176
3 144 175 240
1 179
1 179
3 177 178 183
1 182
1 182
3 180 181 183
3 179 182 191
1 186
1 186
3 184 185 190
1 189
1 189
3 187 188 190
3 186 189 191
3 183 190 207
1 194
1 194
3 192 193 198
1 197
1 197
3 195 196 198
3 194 197 206
1 201
1 201
3 199 200 205
1 204
1 204
3 202 203 205
3 201 204 206
3 198 205 207
3 191 206 239
1 210
1 210
3 208 209 214
1 213
1 213
3 211 212 214
3 210 213 222
1 217
1 217
3 215 216 221
1 220
1 220
3 218 219 221
3 217 220 222
3 214 221 238
1 225
1 225
3 223 224 229
1 228
1 228
3 226 227 229
3 225 228 237
1 232
1 232
3 230 231 236
1 235
1 235
3 233 234 236
3 232 235 237
3 229 236 238
3 222 237 239
3 207 238 240
3 176 239 368
1 243
1 243
3 241 242 247
1 246
1 246
3 244 245 247
3 243 246 255
1 250
1 250
3 248 249 254
1 253
1 253
3 251 252 254
3 250 253 255
3 247 254 271
1 258
1 258
3 256 257 262
1 261
1 261
3 259 260 262
3 258 261 270
1 265
1 265
3 263 264 269
1 268
1 268
3 266 267 269
3 265 268 270
3 262 269 271
3 255 270 303
1 274
1 274
3 272 273 278
1 277
1 277
3 275 276 278
3 274 277 286
1 281
1 281
3 279 280 285
1 284
1 284
3 282 283 285
3 281 284 286
3 278 285 302
1 289
1 289
3 287 288 293
1 292
1 292
3 290 291 293
3 289 292 301
1 296
1 296
3 294 295 300
1 299
1 299
3 297 298 300
3 296 299 301
3 293 300 302
3 286 301 303
3 271 302 367
1 306
1 306
3 304 305 310
1 309
1 309
3 307 308 310
3 306 309 318
1 313
1 313
3 311 312 317
1 316
1 316
3 314 315 317
3 313 316 318
3 310 317 334
1 321
1 321
3 319 320 325
1 324
1 324
3 322 323 325
3 321 324 333
1 328
1 328
3 326 327 332
1 331
1 331
3 329 330 332
3 328 331 333
3 325 332 334
3 318 333 366
1 337
1 337
3 335 336 341
1 340
1 340
3 338 339 341
3 337 340 349
1 344
1 344
3 342 343 348
1 347
1 347
3 345 346 348
3 344 347 349
3 341 348 365
1 352
1 352
3 350 351 356
1 355
1 355
3 353 354 356
3 352 355 364
1 359
1 359
3 357 358 363
1 362
1 362
3 360 361 363
3 359 362 364
3 356 363 365
3 349 364 366
3 334 365 367
3 303 366 368
3 240 367 624
1 371
1 371
3 369 370 375
1 374
1 374
3 372 373 375
3 371 374 383
1 378
1 378
3 376 377 382
1 381
1 381
3 379 380 382
3 378 381 383
3 375 382 399
1 386
1 386
3 384 385 390
1 389
1 389
3 387 388 390
3 386 389 398
1 393
1 393
3 391 392 397
1 396
1 396
3 394 395 397
3 393 396 398
3 390 397 399
3 383 398 431
1 402
1 402
3 400 401 406
1 405
1 405
3 403 404 406
3 402 405 414
1 409
1 409
3 407 408 413
1 412
1 412
3 410 411 413
3 409 412 414
3 406 413 430
1 417
1 417
3 415 416 421
1 420
1 420
3 418 419 421
3 417 420 429
1 424
1 424
3 422 423 428
1 427
1 427
3 425 426 428
3 424 427 429
3 421 428 430
3 414 429 431
3 399 430 495
1 434
1 434
3 432 433 438
1 437
1 437
3 435 436 438
3 434 437 446
1 441
1 441
3 439 440 445
1 444
1 444
3 442 443 445
3 441 444 446
3 438 445 462
1 449
1 449
3 447 448 453
1 452
1 452
3 450 451 453
3 449 452 461
1 456
1 456
3 454 455 460
1 459
1 459
3 457 458 460
3 456 459 461
3 453 460 462
3 446 461 494
1 465
1 465
3 463 464 469
1 468
1 468
3 466 467 469
3 465 468 477
1 472
1 472
3 470 471 476
1 475
1 475
3 473 474 476
3 472 475 477
3 469 476 493
1 480
1 480
3 478 479 484
1 483
1 483
3 481 482 484
3 480 483 492
1 487
1 487
3 485 486 491
1 490
1 490
3 488 489 491
3 487 490 492
3 484 491 493
3 477 492 494
3 462 493 495
3 431 494 623
1 498
1 498
3 496 497 502
1 501
1 501
3 499 500 502
3 498 501 510
1 505
1 505
3 503 504 509
1 508
1 508
3 506 507 509
3 505 508 510
3 502 509 526
1 513
1 513
3 511 512 517
1 516
1 516
3 514 515 517
3 513 516 525
1 520
1 520
3 518 519 524
1 523
1 523
3 521 522 524
3 520 523 525
3 517 524 526
3 510 525 558
1 529
1 529
3 527 528 533
1 532
1 532
3 530 531 533
3 529 532 541
1 536
1 536
3 534 535 540
1 539
1 539
3 537 538 540
3 536 539 541
3 533 540 557
1 544
1 544
3 542 543 548
1 547
1 547
3 545 546 548
3 544 547 556
1 551
1 551
3 549 550 555
1 554
1 554
3 552 553 555
3 551 554 556
3 548 555 557
3 541 556 558
3 526 557 622
1 561
1 561
3 559 560 565
1 564
1 564
3 562 563 565
3 561 564 573
1 568
1 568
3 566 567 572
1 571
1 571
3 569 570 572
3 568 571 573
3 565 572 589
1 576
1 576
3 574 575 580
1 579
1 579
3 577 578 580
3 576 579 588
1 583
1 583
3 581 582 587
1 586
1 586
3 584 585 587
3 583 586 588
3 580 587 589
3 573 588 621
1 592
1 592
3 590 591 596
1 595
1 595
3 593 594 596
3 592 595 604
1 599
1 599
3 597 598 603
1 602
1 602
3 600 601 603
3 599 602 604
3 596 603 620
1 607
1 607
3 605 606 611
1 610
1 610
3 608 609 611
3 607 610 619
1 614
1 614
3 612 613 618
1 617
1 617
3 615 616 618
3 614 617 619
3 611 618 620
3 604 619 621
3 589 620 622
3 558 621 623
3 495 622 624
3 368 623 1136
1 627
1 627
3 625 626 631
1 630
1 630
3 628 629 631
3 627 630 639
1 634
1 634
3 632 633 638
1 637
1 637
3 635 636 638
3 634 637 639
3 631 638 655
1 642
1 642
3 640 641 646
1 645
1 645
3 643 644 646
3 642 645 654
1 649
1 649
3 647 648 653
1 652
1 652
3 650 651 653
3 649 652 654
3 646 653 655
3 639 654 687
1 658
1 658
3 656 657 662
1 661
1 661
3 659 660 662
3 658 661 670
1 665
1 665
3 663 664 669
1 668
1 668
3 666 667 669
3 665 668 670
3 662 669 686
1 673
1 673
3 671 672 677
1 676
1 676
3 674 675 677
3 673 676 685
1 680
1 680
3 678 679 684
1 683
1 683
3 681 682 684
3 680 683 685
3 677 684 686
3 670 685 687
3 655 686 751
1 690
1 690
3 688 689 694
1 693
1 693
3 691 692 694
3 690 693 702
1 697
1 697
3 695 696 701
1 700
1 700
3 698 699 701
3 697 700 702
3 694 701 718
1 705
1 705
3 703 704 709
1 708
1 708
3 706 707 709
3 705 708 717
1 712
1 712
3 710 711 716
1 715
1 715
3 713 714 716
3 712 715 717
3 709 716 718
3 702 717 750
1 721
1 721
3 719 720 725
1 724
1 724
3 722 723 725
3 721 724 733
1 728
1 728
3 726 727 732
1 731
1 731
3 729 730 732
3 728 731 733
3 725 732 749
1 736
1 736
3 734 735 740
1 739
1 739
3 737 738 740
3 736 739 748
1 743
1 743
3 741 742 747
1 746
1 746
3 744 745 747
3 743 746 748
3 740 747 749
3 733 748 750
3 718 749 751
3 687 750 879
1 754
1 754
3 752 753 758
1 757
1 757
3 755 756 758
3 754 757 766
1 761
1 761
3 759 760 765
1 764
1 764
3 762 763 765
3 761 764 766
3 758 765 782
1 769
1 769
3 767 768 773
1 772
1 772
3 770 771 773
3 769 772 781
1 776
1 776
3 774 775 780
1 779
1 779
3 777 778 780
3 776 779 781
3 773 780 782
3 766 781 814
1 785
1 785
3 783 784 789
1 788
1 788
3 786 787 789
3 785 788 797
1 792
1 792
3 790 791 796
1 795
1 795
3 793 794 796
3 792 795 797
3 789 796 813
1 800
1 800
3 798 799 804
1 803
1 803
3 801 802 804
3 800 803 812
1 807
1 807
3 805 806 811
1 810
1 810
3 808 809 811
3 807 810 812
3 804 811 813
3 797 812 814
3 782 813 878
1 817
1 817
3 815 816 821
1 820
1 820
3 818 819 821
3 817 820 829
1 824
1 824
3 822 823 828
1 827
1 827
3 825 826 828
3 824 827 829
3 821 828 845
1 832
1 832
3 830 831 836
1 835
1 835
3 833 834 836
3 832 835 844
1 839
1 839
3 837 838 843
1 842
1 842
3 840 841 843
3 839 842 844
3 836 843 845
3 829 844 877
1 848
1 848
3 846 847 852
1 851
1 851
3 849 850 852
3 848 851 860
1 855
1 855
3 853 854 859
1 858
1 858
3 856 857 859
3 855 858 860
3 852 859 876
1 863
1 863
3 861 862 867
1 866
1 866
3 864 865 867
3 863 866 875
1 870
1 870
3 868 869 874
1 873
1 873
3 871 872 874
3 870 873 875
3 867 874 876
3 860 875 877
3 845 876 878
3 814 877 879
3 751 878 1135
1 882
1 882
3 880 881 886
1 885
1 885
3 883 884 886
3 882 885 894
1 889
1 889
3 887 888 893
1 892
1 892
3 890 891 893
3 889 892 894
3 886 893 910
1 897
1 897
3 895 896 901
1 900
1 900
3 898 899 901
3 897 900 909
1 904
1 904
3 902 903 908
1 907
1 907
3 905 906 908
3 904 907 909
3 901 908 910
3 894 909 942
1 913
1 913
3 911 912 917
1 916
1 916
3 914 915 917
3 913 916 925
1 920
1 920
3 918 919 924
1 923
1 923
3 921 922 924
3 920 923 925
3 917 924 941
1 928
1 928
3 926 927 932
1 931
1 931
3 929 930 932
3 928 931 940
1 935
1 935
3 933 934 939
1 938
1 938
3 936 937 939
3 935 938 940
3 932 939 941
3 925 940 942
3 910 941 1006
1 945
1 945
3 943 944 949
1 948
1 948
3 946 947 949
3 945 948 957
1 952
1 952
3 950 951 956
1 955
1 955
3 953 954 956
3 952 955 957
3 949 956 973
1 960
1 960
3 958 959 964
1 963
1 963
3 961 962 964
3 960 963 972
1 967
1 967
3 965 966 971
1 970
1 970
3 968 969 971
3 967 970 972
3 964 971 973
3 957 972 1005
1 976
1 976
3 974 975 980
1 979
1 979
3 977 978 980
3 976 979 988
1 983
1 983
3 981 982 987
1 986
1 986
3 984 985 987
3 983 986 988
3 980 987 1004
1 991
1 991
3 989 990 995
1 994
1 994
3 992 993 995
3 991 994 1003
1 998
1 998
3 996 997 1002
1 1001
1 1001
3 999 1000 1002
3 998 1001 1003
3 995 1002 1004
3 988 1003 1005
3 973 1004 1006
3 942 1005 1134
1 1009
1 1009
3 1007 1008 1013
1 1012
1 1012
3 1010 1011 1013
3 1009 1012 1021
1 1016
1 1016
3 1014 1015 1020
1 1019
1 1019
3 1017 1018 1020
3 1016 1019 1021
3 1013 1020 1037
1 1024
1 1024
3 1022 1023 1028
1 1027
1 1027
3 1025 1026 1028
3 1024 1027 1036
1 1031
1 1031
3 1029 1030 1035
1 1034
1 1034
3 1032 1033 1035
3 1031 1034 1036
3 1028 1035 1037
3 1021 1036 1069
1 1040
1 1040
3 1038 1039 1044
1 1043
1 1043
3 1041 1042 1044
3 1040 1043 1052
1 1047
1 1047
3 1045 1046 1051
1 1050
1 1050
3 1048 1049 1051
3 1047 1050 1052
3 1044 1051 1068
1 1055
1 1055
3 1053 1054 1059
1 1058
1 1058
3 1056 1057 1059
3 1055 1058 1067
1 1062
1 1062
3 1060 1061 1066
1 1065
1 1065
3 1063 1064 1066
3 1062 1065 1067
3 1059 1066 1068
3 1052 1067 1069
3 1037 1068 1133
1 1072
1 1072
3 1070 1071 1076
1 1075
1 1075
3 1073 1074 1076
3 1072 1075 1084
1 1079
1 1079
3 1077 1078 1083
1 1082
1 1082
3 1080 1081 1083
3 1079 1082 1084
3 1076 1083 1100
1 1087
1 1087
3 1085 1086 1091
1 1090
1 1090
3 1088 1089 1091
3 1087 1090 1099
1 1094
1 1094
3 1092 1093 1098
1 1097
1 1097
3 1095 1096 1098
3 1094 1097 1099
3 1091 1098 1100
3 1084 1099 1132
1 1103
1 1103
3 1101 1102 1107
1 1106
1 1106
3 1104 1105 1107
3 1103 1106 1115
1 1110
1 1110
3 1108 1109 1114
1 1113
1 1113
3 1111 1112 1114
3 1110 1113 1115
3 1107 1114 1131
1 1118
1 1118
3 1116 1117 1122
1 1121
1 1121
3 1119 1120 1122
3 1118 1121 1130
1 1125
1 1125
3 1123 1124 1129
1 1128
1 1128
3 1126 1127 1129
3 1125 1128 1130
3 1122 1129 1131
3 1115 1130 1132
3 1100 1131 1133
3 1069 1132 1134
3 1006 1133 1135
3 879 1134 1136
3 624 1135 2160
1 1139
1 1139
3 1137 1138 1143
1 1142
1 1142
3 1140 1141 1143
3 1139 1142 1151
1 1146
1 1146
3 1144 1145 1150
1 1149
1 1149
3 1147 1148 1150
3 1146 1149 1151
3 1143 1150 1167
1 1154
1 1154
3 1152 1153 1158
1 1157
1 1157
3 1155 1156 1158
3 1154 1157 1166
1 1161
1 1161
3 1159 1160 1165
1 1164
1 1164
3 1162 1163 1165
3 1161 1164 1166
3 1158 1165 1167
3 1151 1166 1199
1 1170
1 1170
3 1168 1169 1174
1 1173
1 1173
3 1171 1172 1174
3 1170 1173 1182
1 1177
1 1177
3 1175 1176 1181
1 1180
1 1180
3 1178 1179 1181
3 1177 1180 1182
3 1174 1181 1198
1 1185
1 1185
3 1183 1184 1189
1 1188
1 1188
3 1186 1187 1189
3 1185 1188 1197
1 1192
1 1192
3 1190 1191 1196
1 1195
1 1195
3 1193 1194 1196
3 1192 1195 1197
3 1189 1196 1198
3 1182 1197 1199
3 1167 1198 1263
1 1202
1 1202
3 1200 1201 1206
1 1205
1 1205
3 1203 1204 1206
3 1202 1205 1214
1 1209
1 1209
3 1207 1208 1213
1 1212
1 1212
3 1210 1211 1213
3 1209 1212 1214
3 1206 1213 1230
1 1217
1 1217
3 1215 1216 1221
1 1220
1 1220
3 1218 1219 1221
3 1217 1220 1229
1 1224
1 1224
3 1222 1223 1228
1 1227
1 1227
3 1225 1226 1228
3 1224 1227 1229
3 1221 1228 1230
3 1214 1229 1262
1 1233
1 1233
3 1231 1232 1237
1 1236
1 1236
3 1234 1235 1237
3 1233 1236 1245
1 1240
1 1240
3 1238 1239 1244
1 1243
1 1243
3 1241 1242 1244
3 1240 1243 1245
3 1237 1244 1261
1 1248
1 1248
3 1246 1247 1252
1 1251
1 1251
3 1249 1250 1252
3 1248 1251 1260
1 1255
1 1255
3 1253 1254 1259
1 1258
1 1258
3 1256 1257 1259
3 1255 1258 1260
3 1252 1259 1261
3 1245 1260 1262
3 1230 1261 1263
3 1199 1262 1391
1 1266
1 1266
3 1264 1265 1270
1 1269
1 1269
3 1267 1268 1270
3 1266 1269 1278
1 1273
1 1273
3 1271 1272 1277
1 1276
1 1276
3 1274 1275 1277
3 1273 1276 1278
3 1270 1277 1294
1 1281
1 1281
3 1279 1280 1285
1 1284
1 1284
3 1282 1283 1285
3 1281 1284 1293
1 1288
1 1288
3 1286 1287 1292
1 1291
1 1291
3 1289 1290 1292
3 1288 1291 1293
3 1285 1292 1294
3 1278 1293 1326
1 1297
1 1297
3 1295 1296 1301
1 1300
1 1300
3 1298 1299 1301
3 1297 1300 1309
1 1304
1 1304
3 1302 1303 1308
1 1307
1 1307
3 1305 1306 1308
3 1304 1307 1309
3 1301 1308 1325
1 1312
1 1312
3 1310 1311 1316
1 1315
1 1315
3 1313 1314 1316
3 1312 1315 1324
1 1319
1 1319
3 1317 1318 1323
1 1322
1 1322
3 1320 1321 1323
3 1319 1322 1324
3 1316 1323 1325
3 1309 1324 1326
3 1294 1325 1390
1 1329
1 1329
3 1327 1328 1333
1 1332
1 1332
3 1330 1331 1333
3 1329 1332 1341
1 1336
1 1336
3 1334 1335 1340
1 1339
1 1339
3 1337 1338 1340
3 1336 1339 1341
3 1333 1340 1357
1 1344
1 1344
3 1342 1343 1348
1 1347
1 1347
3 1345 1346 1348
3 1344 1347 1356
1 1351
1 1351
3 1349 1350 1355
1 1354
1 1354
3 1352 1353 1355
3 1351 1354 1356
3 1348 1355 1357
3 1341 1356 1389
1 1360
1 1360
3 1358 1359 1364
1 1363
1 1363
3 1361 1362 1364
3 1360 1363 1372
1 1367
1 1367
3 1365 1366 1371
1 1370
1 1370
3 1368 1369 1371
3 1367 1370 1372
3 1364 1371 1388
1 1375
1 1375
3 1373 1374 1379
1 1378
1 1378
3 1376 1377 1379
3 1375 1378 1387
1 1382
1 1382
3 1380 1381 1386
1 1385
1 1385
3 1383 1384 1386
3 1382 1385 1387
3 1379 1386 1388
3 1372 1387 1389
3 1357 1388 1390
3 1326 1389 1391
3 1263 1390 1647
1 1394
1 1394
3 1392 1393 1398
1 1397
1 1397
3 1395 1396 1398
3 1394 1397 1406
1 1401
1 1401
3 1399 1400 1405
1 1404
1 1404
3 1402 1403 1405
3 1401 1404 1406
3 1398 1405 1422
1 1409
1 1409
3 1407 1408 1413
1 1412
1 1412
3 1410 1411 1413
3 1409 1412 1421
1 1416
1 1416
3 1414 1415 1420
1 1419
1 1419
3 1417 1418 1420
3 1416 1419 1421
3 1413 1420 1422
3 1406 1421 1454
1 1425
1 1425
3 1423 1424 1429
1 1428
1 1428
3 1426 1427 1429
3 1425 1428 1437
1 1432
1 1432
3 1430 1431 1436
1 1435
1 1435
3 1433 1434 1436
3 1432 1435 1437
3 1429 1436 1453
1 1440
1 1440
3 1438 1439 1444
1 1443
1 1443
3 1441 1442 1444
3 1440 1443 1452
1 1447
1 1447
3 1445 1446 1451
1 1450
1 1450
3 1448 1449 1451
3 1447 1450 1452
3 1444 1451 1453
3 1437 1452 1454
3 1422 1453 1518
1 1457
1 1457
3 1455 1456 1461
1 1460
1 1460
3 1458 1459 1461
3 1457 1460 1469
1 1464
1 1464
3 1462 1463 1468
1 1467
1 1467
3 1465 1466 1468
3 1464 1467 1469
3 1461 1468 1485
1 1472
1 1472
3 1470 1471 1476
1 1475
1 1475
3 1473 1474 1476
3 1472 1475 1484
1 1479
1 1479
3 1477 1478 1483
1 1482
1 1482
3 1480 1481 1483
3 1479 1482 1484
3 1476 1483 1485
3 1469 1484 1517
1 1488
1 1488
3 1486 1487 1492
1 1491
1 1491
3 1489 1490 1492
3 1488 1491 1500
1 1495
1 1495
3 1493 1494 1499
1 1498
1 1498
3 1496 1497 1499
3 1495 1498 1500
3 1492 1499 1516
1 1503
1 1503
3 1501 1502 1507
1 1506
1 1506
3 1504 1505 1507
3 1503 1506 1515
1 1510
1 1510
3 1508 1509 1514
1 1513
1 1513
3 1511 1512 1514
3 1510 1513 1515
3 1507 1514 1516
3 1500 1515 1517
3 1485 1516 1518
3 1454 1517 1646
1 1521
1 1521
3 1519 1520 1525
1 1524
1 1524
3 1522 1523 1525
3 1521 1524 1533
1 1528
1 1528
3 1526 1527 1532
1 1531
1 1531
3 1529 1530 1532
3 1528 1531 1533
3 1525 1532 1549
1 1536
1 1536
3 1534 1535 1540
1 1539
1 1539
3 1537 1538 1540
3 1536 1539 1548
1 1543
1 1543
3 1541 1542 1547
1 1546
1 1546
3 1544 1545 1547
3 1543 1546 1548
3 1540 1547 1549
3 1533 1548 1581
1 1552
1 1552
3 1550 1551 1556
1 1555
1 1555
3 1553 1554 1556
3 1552 1555 1564
1 1559
1 1559
3 1557 1558 1563
1 1562
1 1562
3 1560 1561 1563
3 1559 1562 1564
3 1556 1563 1580
1 1567
1 1567
3 1565 1566 1571
1 1570
1 1570
3 1568 1569 1571
3 1567 1570 1579
1 1574
1 1574
3 1572 1573 1578
1 1577
1 1577
3 1575 1576 1578
3 1574 1577 1579
3 1571 1578 1580
3 1564 1579 1581
3 1549 1580 1645
1 1584
1 1584
3 1582 1583 1588
1 1587
1 1587
3 1585 1586 1588
3 1584 1587 1596
1 1591
1 1591
3 1589 1590 1595
1 1594
1 1594
3 1592 1593 1595
3 1591 1594 1596
3 1588 1595 1612
1 1599
1 1599
3 1597 1598 1603
1 1602
1 1602
3 1600 1601 1603
3 1599 1602 1611
1 1606
1 1606
3 1604 1605 1610
1 1609
1 1609
3 1607 1608 1610
3 1606 1609 1611
3 1603 1610 1612
3 1596 1611 1644
1 1615
1 1615
3 1613 1614 1619
1 1618
1 1618
3 1616 1617 1619
3 1615 1618 1627
1 1622
1 1622
3 1620 1621 1626
1 1625
1 1625
3 1623 1624 1626
3 1622 1625 1627
3 1619 1626 1643
1 1630
1 1630
3 1628 1629 1634
1 1633
1 1633
3 1631 1632 1634
3 1630 1633 1642
1 1637
1 1637
3 1635 1636 1641
1 1640
1 1640
3 1638 1639 1641
3 1637 1640 1642
3 1634 1641 1643
3 1627 1642 1644
3 1612 1643 1645
3 1581 1644 1646
3 1518 1645 1647
3 1391 1646 2159
1 1650
1 1650
3 1648 1649 1654
1 1653
1 1653
3 1651 1652 1654
3 1650 1653 1662
1 1657
1 1657
3 1655 1656 1661
1 1660
1 1660
3 1658 1659 1661
3 1657 1660 1662
3 1654 1661 1678
1 1665
1 1665
3 1663 1664 1669
1 1668
1 1668
3 1666 1667 1669
3 1665 1668 1677
1 1672
1 1672
3 1670 1671 1676
1 1675
1 1675
3 1673 1674 1676
3 1672 1675 1677
3 1669 1676 1678
3 1662 1677 1710
1 1681
1 1681
3 1679 1680 1685
1 1684
1 1684
3 1682 1683 1685
3 1681 1684 1693
1 1688
1 1688
3 1686 1687 1692
1 1691
1 1691
3 1689 1690 1692
3 1688 1691 1693
3 1685 1692 1709
1 1696
1 1696
3 1694 1695 1700
1 1699
1 1699
3 1697 1698 1700
3 1696 1699 1708
1 1703
1 1703
3 1701 1702 1707
1 1706
1 1706
3 1704 1705 1707
3 1703 1706 1708
3 1700 1707 1709
3 1693 1708 1710
3 1678 1709 1774
1 1713
1 1713
3 1711 1712 1717
1 1716
1 1716
3 1714 1715 1717
3 1713 1716 1725
1 1720
1 1720
3 1718 1719 1724
1 1723
1 1723
3 1721 1722 1724
3 1720 1723 1725
3 1717 1724 1741
1 1728
1 1728
3 1726 1727 1732
1 1731
1 1731
3 1729 1730 1732
3 1728 1731 1740
1 1735
1 1735
3 1733 1734 1739
1 1738
1 1738
3 1736 1737 1739
3 1735 1738 1740
3 1732 1739 1741
3 1725 1740 1773
1 1744
1 1744
3 1742 1743 1748
1 1747
1 1747
3 1745 1746 1748
3 1744 1747 1756
1 1751
1 1751
3 1749 1750 1755
1 1754
1 1754
3 1752 1753 1755
3 1751 1754 1756
3 1748 1755 1772
1 1759
1 1759
3 1757 1758 1763
1 1762
1 1762
3 1760 1761 1763
3 1759 1762 1771
1 1766
1 1766
3 1764 1765 1770
1 1769
1 1769
3 1767 1768 1770
3 1766 1769 1771
3 1763 1770 1772
3 1756 1771 1773
3 1741 1772 1774
3 1710 1773 1902
1 1777
1 1777
3 1775 1776 1781
1 1780
1 1780
3 1778 1779 1781
3 1777 1780 1789
1 1784
1 1784
3 1782 1783 1788
1 1787
1 1787
3 1785 1786 1788
3 1784 1787 1789
3 1781 1788 1805
1 1792
1 1792
3 1790 1791 1796
1 1795
1 1795
3 1793 1794 1796
3 1792 1795 1804
1 1799
1 1799
3 1797 1798 1803
1 1802
1 1802
3 1800 1801 1803
3 1799 1802 1804
3 1796 1803 1805
3 1789 1804 1837
1 1808
1 1808
3 1806 1807 1812
1 1811
1 1811
3 1809 1810 1812
3 1808 1811 1820
1 1815
1 1815
3 1813 1814 1819
1 1818
1 1818
3 1816 1817 1819
3 1815 1818 1820
3 1812 1819 1836
1 1823
1 1823
3 1821 1822 1827
1 1826
1 1826
3 1824 1825 1827
3 1823 1826 1835
1 1830
1 1830
3 1828 1829 1834
1 1833
1 1833
3 1831 1832 1834
3 1830 1833 1835
3 1827 1834 1836
3 1820 1835 1837
3 1805 1836 1901
1 1840
1 1840
3 1838 1839 1844
1 1843
1 1843
3 1841 1842 1844
3 1840 1843 1852
1 1847
1 1847
3 1845 1846 1851
1 1850
1 1850
3 1848 1849 1851
3 1847 1850 1852
3 1844 1851 1868
1 1855
1 1855
3 1853 1854 1859
1 1858
1 1858
3 1856 1857 1859
3 1855 1858 1867
1 1862
1 1862
3 1860 1861 1866
1 1865
1 1865
3 1863 1864 1866
3 1862 1865 1867
3 1859 1866 1868
3 1852 1867 1900
1 1871
1 1871
3 1869 1870 1875
1 1874
1 1874
3 1872 1873 1875
3 1871 1874 1883
1 1878
1 1878
3 1876 1877 1882
1 1881
1 1881
3 1879 1880 1882
3 1878 1881 1883
3 1875 1882 1899
1 1886
1 1886
3 1884 1885 1890
1 1889
1 1889
3 1887 1888 1890
3 1886 1889 1898
1 1893
1 1893
3 1891 1892 1897
1 1896
1 1896
3 1894 1895 1897
3 1893 1896 1898
3 1890 1897 1899
3 1883 1898 1900
3 1868 1899 1901
3 1837 1900 1902
3 1774 1901 2158
1 1905
1 1905
3 1903 1904 1909
1 1908
1 1908
3 1906 1907 1909
3 1905 1908 1917
1 1912
1 1912
3 1910 1911 1916
1 1915
1 1915
3 1913 1914 1916
3 1912 1915 1917
3 1909 1916 1933
1 1920
1 1920
3 1918 1919 1924
1 1923
1 1923
3 1921 1922 1924
3 1920 1923 1932
1 1927
1 1927
3 1925 1926 1931
1 1930
1 1930
3 1928 1929 1931
3 1927 1930 1932
3 1924 1931 1933
3 1917 1932 1965
1 1936
1 1936
3 1934 1935 1940
1 1939
1 1939
3 1937 1938 1940
3 1936 1939 1948
1 1943
1 1943
3 1941 1942 1947
1 1946
1 1946
3 1944 1945 1947
3 1943 1946 1948
3 1940 1947 1964
1 1951
1 1951
3 1949 1950 1955
1 1954
1 1954
3 1952 1953 1955
3 1951 1954 1963
1 1958
1 1958
3 1956 1957 1962
1 1961
1 1961
3 1959 1960 1962
3 1958 1961 1963
3 1955 1962 1964
3 1948 1963 1965
3 1933 1964 2029
1 1968
1 1968
3 1966 1967 1972
1 1971
1 1971
3 1969 1970 1972
3 1968 1971 1980
1 1975
1 1975
3 1973 1974 1979
1 1978
1 1978
3 1976 1977 1979
3 1975 1978 1980
3 1972 1979 1996
1 1983
1 1983
3 1981 1982 1987
1 1986
1 1986
3 1984 1985 1987
3 1983 1986 1995
1 1990
1 1990
3 1988 1989 1994
1 1993
1 1993
3 1991 1992 1994
3 1990 1993 1995
3 1987 1994 1996
3 1980 1995 2028
1 1999
1 1999
3 1997 1998 2003
1 2002
1 2002
3 2000 2001 2003
3 1999 2002 2011
1 2006
1 2006
3 2004 2005 2010
1 2009
1 2009
3 2007 2008 2010
3 2006 2009 2011
3 2003 2010 2027
1 2014
1 2014
3 2012 2013 2018
1 2017
1 2017
3 2015 2016 2018
3 2014 2017 2026
1 2021
1 2021
3 2019 2020 2025
1 2024
1 2024
3 2022 2023 2025
3 2021 2024 2026
3 2018 2025 2027
3 2011 2026 2028
3 1996 2027 2029
3 1965 2028 2157
1 2032
1 2032
3 2030 2031 2036
1 2035
1 2035
3 2033 2034 2036
3 2032 2035 2044
1 2039
1 2039
3 2037 2038 2043
1 2042
1 2042
3 2040 2041 2043
3 2039 2042 2044
3 2036 2043 2060
1 2047
1 2047
3 2045 2046 2051
1 2050
1 2050
3 2048 2049 2051
3 2047 2050 2059
1 2054
1 2054
3 2052 2053 2058
1 2057
1 2057
3 2055 2056 2058
3 2054 2057 2059
3 2051 2058 2060
3 2044 2059 2092
1 2063
1 2063
3 2061 2062 2067
1 2066
1 2066
3 2064 2065 2067
3 2063 2066 2075
1 2070
1 2070
3 2068 2069 2074
1 2073
1 2073
3 2071 2072 2074
3 2070 2073 2075
3 2067 2074 2091
1 2078
1 2078
3 2076 2077 2082
1 2081
1 2081
3 2079 2080 2082
3 2078 2081 2090
1 2085
1 2085
3 2083 2084 2089
1 2088
1 2088
3 2086 2087 2089
3 2085 2088 2090
3 2082 2089 2091
3 2075 2090 2092
3 2060 2091 2156
1 2095
1 2095
3 2093 2094 2099
1 2098
1 2098
3 2096 2097 2099
3 2095 2098 2107
1 2102
1 2102
3 2100 2101 2106
1 2105
1 2105
3 2103 2104 2106
3 2102 2105 2107
3 2099 2106 2123
1 2110
1 2110
3 2108 2109 2114
1 2113
1 2113
3 2111 2112 2114
3 2110 2113 2122
1 2117
1 2117
3 2115 2116 2121
1 2120
1 2120
3 2118 2119 2121
3 2117 2120 2122
3 2114 2121 2123
3 2107 2122 2155
1 2126
1 2126
3 2124 2125 2130
1 2129
1 2129
3 2127 2128 2130
3 2126 2129 2138
1 2133
1 2133
3 2131 2132 2137
1 2136
1 2136
3 2134 2135 2137
3 2133 2136 2138
3 2130 2137 2154
1 2141
1 2141
3 2139 2140 2145
1 2144
1 2144
3 2142 2143 2145
3 2141 2144 2153
1 2148
1 2148
3 2146 2147 2152
1 2151
1 2151
3 2149 2150 2152
3 2148 2151 2153
3 2145 2152 2154
3 2138 2153 2155
3 2123 2154 2156
3 2092 2155 2157
3 2029 2156 2158
3 1902 2157 2159
3 1647 2158 2160
3 1136 2159 4208
1 2163
1 2163
3 2161 2162 2167
1 2166
1 2166
3 2164 2165 2167
3 2163 2166 2175
1 2170
1 2170
3 2168 2169 2174
1 2173
1 2173
3 2171 2172 2174
3 2170 2173 2175
3 2167 2174 2191
1 2178
1 2178
3 2176 2177 2182
1 2181
1 2181
3 2179 2180 2182
3 2178 2181 2190
1 2185
1 2185
3 2183 2184 2189
1 2188
1 2188
3 2186 2187 2189
3 2185 2188 2190
3 2182 2189 2191
3 2175 2190 2223
1 2194
1 2194
3 2192 2193 2198
1 2197
1 2197
3 2195 2196 2198
3 2194 2197 2206
1 2201
1 2201
3 2199 2200 2205
1 2204
1 2204
3 2202 2203 2205
3 2201 2204 2206
3 2198 2205 2222
1 2209
1 2209
3 2207 2208 2213
1 2212
1 2212
3 2210 2211 2213
3 2209 2212 2221
1 2216
1 2216
3 2214 2215 2220
1 2219
1 2219
3 2217 2218 2220
3 2216 2219 2221
3 2213 2220 2222
3 2206 2221 2223
3 2191 2222 2287
1 2226
1 2226
3 2224 2225 2230
1 2229
1 2229
3 2227 2228 2230
3 2226 2229 2238
1 2233
1 2233
3 2231 2232 2237
1 2236
1 2236
3 2234 2235 2237
3 2233 2236 2238
3 2230 2237 2254
1 2241
1 2241
3 2239 2240 2245
1 2244
1 2244
3 2242 2243 2245
3 2241 2244 2253
1 2248
1 2248
3 2246 2247 2252
1 2251
1 2251
3 2249 2250 2252
3 2248 2251 2253
3 2245 2252 2254
3 2238 2253 2286
1 2257
1 2257
3 2255 2256 2261
1 2260
1 2260
3 2258 2259 2261
3 2257 2260 2269
1 2264
1 2264
3 2262 2263 2268
1 2267
1 2267
3 2265 2266 2268
3 2264 2267 2269
3 2261 2268 2285
1 2272
1 2272
3 2270 2271 2276
1 2275
1 2275
3 2273 2274 2276
3 2272 2275 2284
1 2279
1 2279
3 2277 2278 2283
1 2282
1 2282
3 2280 2281 2283
3 2279 2282 2284
3 2276 2283 2285
3 2269 2284 2286
3 2254 2285 2287
3 2223 2286 2415
1 2290
1 2290
3 2288 2289 2294
1 2293
1 2293
3 2291 2292 2294
3 2290 2293 2302
1 2297
1 2297
3 2295 2296 2301
1 2300
1 2300
3 2298 2299 2301
3 2297 2300 2302
3 2294 2301 2318
1 2305
1 2305
3 2303 2304 2309
1 2308
1 2308
3 2306 2307 2309
3 2305 2308 2317
1 2312
1 2312
3 2310 2311 2316
1 2315
1 2315
3 2313 2314 2316
3 2312 2315 2317
3 2309 2316 2318
3 2302 2317 2350
1 2321
1 2321
3 2319 2320 2325
1 2324
1 2324
3 2322 2323 2325
3 2321 2324 2333
1 2328
1 2328
3 2326 2327 2332
1 2331
1 2331
3 2329 2330 2332
3 2328 2331 2333
3 2325 2332 2349
1 2336
1 2336
3 2334 2335 2340
1 2339
1 2339
3 2337 2338 2340
3 2336 2339 2348
1 2343
1 2343
3 2341 2342 2347
1 2346
1 2346
3 2344 2345 2347
3 2343 2346 2348
3 2340 2347 2349
3 2333 2348 2350
3 2318 2349 2414
1 2353
1 2353
3 2351 2352 2357
1 2356
1 2356
3 2354 2355 2357
3 2353 2356 2365
1 2360
1 2360
3 2358 2359 2364
1 2363
1 2363
3 2361 2362 2364
3 2360 2363 2365
3 2357 2364 2381
1 2368
1 2368
3 2366 2367 2372
1 2371
1 2371
3 2369 2370 2372
3 2368 2371 2380
1 2375
1 2375
3 2373 2374 2379
1 2378
1 2378
3 2376 2377 2379
3 2375 2378 2380
3 2372 2379 2381
3 2365 2380 2413
1 2384
1 2384
3 2382 2383 2388
1 2387
1 2387
3 2385 2386 2388
3 2384 2387 2396
1 2391
1 2391
3 2389 2390 2395
1 2394
1 2394
3 2392 2393 2395
3 2391 2394 2396
3 2388 2395 2412
1 2399
1 2399
3 2397 2398 2403
1 2402
1 2402
3 2400 2401 2403
3 2399 2402 2411
1 2406
1 2406
3 2404 2405 2410
1 2409
1 2409
3 2407 2408 2410
3 2406 2409 2411
3 2403 2410 2412
3 2396 2411 2413
3 2381 2412 2414
3 2350 2413 2415
3 2287 2414 2671
1 2418
1 2418
3 2416 2417 2422
1 2421
1 2421
3 2419 2420 2422
3 2418 2421 2430
1 2425
1 2425
3 2423 2424 2429
1 2428
1 2428
3 2426 2427 2429
3 2425 2428 2430
3 2422 2429 2446
1 2433
1 2433
3 2431 2432 2437
1 2436
1 2436
3 2434 2435 2437
3 2433 2436 2445
1 2440
1 2440
3 2438 2439 2444
1 2443
1 2443
3 2441 2442 2444
3 2440 2443 2445
3 2437 2444 2446
3 2430 2445 2478
1 2449
1 2449
3 2447 2448 2453
1 2452
1 2452
3 2450 2451 2453
3 2449 2452 2461
1 2456
1 2456
3 2454 2455 2460
1 2459
1 2459
3 2457 2458 2460
3 2456 2459 2461
3 2453 2460 2477
1 2464
1 2464
3 2462 2463 2468
1 2467
1 2467
3 2465 2466 2468
3 2464 2467 2476
1 2471
1 2471
3 2469 2470 2475
1 2474
1 2474
3 2472 2473 2475
3 2471 2474 2476
3 2468 2475 2477
3 2461 2476 2478
3 2446 2477 2542
1 2481
1 2481
3 2479 2480 2485
1 2484
1 2484
3 2482 2483 2485
3 2481 2484 2493
1 2488
1 2488
3 2486 2487 2492
1 2491
1 2491
3 2489 2490 2492
3 2488 2491 2493
3 2485 2492 2509
1 2496
1 2496
3 2494 2495 2500
1 2499
1 2499
3 2497 2498 2500
3 2496 2499 2508
1 2503
1 2503
3 2501 2502 2507
1 2506
1 2506
3 2504 2505 2507
3 2503 2506 2508
3 2500 2507 2509
3 2493 2508 2541
1 2512
1 2512
3 2510 2511 2516
1 2515
1 2515
3 2513 2514 2516
3 2512 2515 2524
1 2519
1 2519
3 2517 2518 2523
1 2522
1 2522
3 2520 2521 2523
3 2519 2522 2524
3 2516 2523 2540
1 2527
1 2527
3 2525 2526 2531
1 2530
1 2530
3 2528 2529 2531
3 2527 2530 2539
1 2534
1 2534
3 2532 2533 2538
1 2537
1 2537
3 2535 2536 2538
3 2534 2537 2539
3 2531 2538 2540
3 2524 2539 2541
3 2509 2540 2542
3 2478 2541 2670
1 2545
1 2545
3 2543 2544 2549
1 2548
1 2548
3 2546 2547 2549
3 2545 2548 2557
1 2552
1 2552
3 2550 2551 2556
1 2555
1 2555
3 2553 2554 2556
3 2552 2555 2557
3 2549 2556 2573
1 2560
1 2560
3 2558 2559 2564
1 2563
1 2563
3 2561 2562 2564
3 2560 2563 2572
1 2567
1 2567
3 2565 2566 2571
1 2570
1 2570
3 2568 2569 2571
3 2567 2570 2572
3 2564 2571 2573
3 2557 2572 2605
1 2576
1 2576
3 2574 2575 2580
1 2579
1 2579
3 2577 2578 2580
3 2576 2579 2588
1 2583
1 2583
3 2581 2582 2587
1 2586
1 2586
3 2584 2585 2587
3 2583 2586 2588
3 2580 2587 2604
1 2591
1 2591
3 2589 2590 2595
1 2594
1 2594
3 2592 2593 2595
3 2591 2594 2603
1 2598
1 2598
3 2596 2597 2602
1 2601
1 2601
3 2599 2600 2602
3 2598 2601 2603
3 2595 2602 2604
3 2588 2603 2605
3 2573 2604 2669
1 2608
1 2608
3 2606 2607 2612
1 2611
1 2611
3 2609 2610 2612
3 2608 2611 2620
1 2615
1 2615
3 2613 2614 2619
1 2618
1 2618
3 2616 2617 2619
3 2615 2618 2620
3 2612 2619 2636
1 2623
1 2623
3 2621 2622 2627
1 2626
1 2626
3 2624 2625 2627
3 2623 2626 2635
1 2630
1 2630
3 2628 2629 2634
1 2633
1 2633
3 2631 2632 2634
3 2630 2633 2635
3 2627 2634 2636
3 2620 2635 2668
1 2639
1 2639
3 2637 2638 2643
1 2642
1 2642
3 2640 2641 2643
3 2639 2642 2651
1 2646
1 2646
3 2644 2645 2650
1 2649
1 2649
3 2647 2648 2650
3 2646 2649 2651
3 2643 2650 2667
1 2654
1 2654
3 2652 2653 2658
1 2657
1 2657
3 2655 2656 2658
3 2654 2657 2666
1 2661
1 2661
3 2659 2660 2665
1 2664
1 2664
3 2662 2663 2665
3 2661 2664 2666
3 2658 2665 2667
3 2651 2666 2668
3 2636 2667 2669
3 2605 2668 2670
3 2542 2669 2671
3 2415 2670 3183
1 2674
1 2674
3 2672 2673 2678
1 2677
1 2677
3 2675 2676 2678
3 2674 2677 2686
1 2681
1 2681
3 2679 2680 2685
1 2684
1 2684
3 2682 2683 2685
3 2681 2684 2686
3 2678 2685 2702
1 2689
1 2689
3 2687 2688 2693
1 2692
1 2692
3 2690 2691 2693
3 2689 2692 2701
1 2696
1 2696
3 2694 2695 2700
1 2699
1 2699
3 2697 2698 2700
3 2696 2699 2701
3 2693 2700 2702
3 2686 2701 2734
1 2705
1 2705
3 2703 2704 2709
1 2708
1 2708
3 2706 2707 2709
3 2705 2708 2717
1 2712
1 2712
3 2710 2711 2716
1 2715
1 2715
3 2713 2714 2716
3 2712 2715 2717
3 2709 2716 2733
1 2720
1 2720
3 2718 2719 2724
1 2723
1 2723
3 2721 2722 2724
3 2720 2723 2732
1 2727
1 2727
3 2725 2726 2731
1 2730
1 2730
3 2728 2729 2731
3 2727 2730 2732
3 2724 2731 2733
3 2717 2732 2734
3 2702 2733 2798
1 2737
1 2737
3 2735 2736 2741
1 2740
1 2740
3 2738 2739 2741
3 2737 2740 2749
1 2744
1 2744
3 2742 2743 2748
1 2747
1 2747
3 2745 2746 2748
3 2744 2747 2749
3 2741 2748 2765
1 2752
1 2752
3 2750 2751 2756
1 2755
1 2755
3 2753 2754 2756
3 2752 2755 2764
1 2759
1 2759
3 2757 2758 2763
1 2762
1 2762
3 2760 2761 2763
3 2759 2762 2764
3 2756 2763 2765
3 2749 2764 2797
1 2768
1 2768
3 2766 2767 2772
1 2771
1 2771
3 2769 2770 2772
3 2768 2771 2780
1 2775
1 2775
3 2773 2774 2779
1 2778
1 2778
3 2776 2777 2779
3 2775 2778 2780
3 2772 2779 2796
1 2783
1 2783
3 2781 2782 2787
1 2786
1 2786
3 2784 2785 2787
3 2783 2786 2795
1 2790
1 2790
3 2788 2789 2794
1 2793
1 2793
3 2791 2792 2794
3 2790 2793 2795
3 2787 2794 2796
3 2780 2795 2797
3 2765 2796 2798
3 2734 2797 2926
1 2801
1 2801
3 2799 2800 2805
1 2804
1 2804
3 2802 2803 2805
3 2801 2804 2813
1 2808
1 2808
3 2806 2807 2812
1 2811
1 2811
3 2809 2810 2812
3 2808 2811 2813
3 2805 2812 2829
1 2816
1 2816
3 2814 2815 2820
1 2819
1 2819
3 2817 2818 2820
3 2816 2819 2828
1 2823
1 2823
3 2821 2822 2827
1 2826
1 2826
3 2824 2825 2827
3 2823 2826 2828
3 2820 2827 2829
3 2813 2828 2861
1 2832
1 2832
3 2830 2831 2836
1 2835
1 2835
3 2833 2834 2836
3 2832 2835 2844
1 2839
1 2839
3 2837 2838 2843
1 2842
1 2842
3 2840 2841 2843
3 2839 2842 2844
3 2836 2843 2860
1 2847
1 2847
3 2845 2846 2851
1 2850
1 2850
3 2848 2849 2851
3 2847 2850 2859
1 2854
1 2854
3 2852 2853 2858
1 2857
1 2857
3 2855 2856 2858
3 2854 2857 2859
3 2851 2858 2860
3 2844 2859 2861
3 2829 2860 2925
1 2864
1 2864
3 2862 2863 2868
1 2867
1 2867
3 2865 2866 2868
3 2864 2867 2876
1 2871
1 2871
3 2869 2870 2875
1 2874
1 2874
3 2872 2873 2875
3 2871 2874 2876
3 2868 2875 2892
1 2879
1 2879
3 2877 2878 2883
1 2882
1 2882
3 2880 2881 2883
3 2879 2882 2891
1 2886
1 2886
3 2884 2885 2890
1 2889
1 2889
3 2887 2888 2890
3 2886 2889 2891
3 2883 2890 2892
3 2876 2891 2924
1 2895
1 2895
3 2893 2894 2899
1 2898
1 2898
3 2896 2897 2899
3 2895 2898 2907
1 2902
1 2902
3 2900 2901 2906
1 2905
1 2905
3 2903 2904 2906
3 2902 2905 2907
3 2899 2906 2923
1 2910
1 2910
3 2908 2909 2914
1 2913
1 2913
3 2911 2912 2914
3 2910 2913 2922
1 2917
1 2917
3 2915 2916 2921
1 2920
1 2920
3 2918 2919 2921
3 2917 2920 2922
3 2914 2921 2923
3 2907 2922 2924
3 2892 2923 2925
3 2861 2924 2926
3 2798 2925 3182
1 2929
1 2929
3 2927 2928 2933
1 2932
1 2932
3 2930 2931 2933
3 2929 2932 2941
1 2936
1 2936
3 2934 2935 2940
1 2939
1 2939
3 2937 2938 2940
3 2936 2939 2941
3 2933 2940 2957
1 2944
1 2944
3 2942 2943 2948
1 2947
1 2947
3 2945 2946 2948
3 2944 2947 2956
1 2951
1 2951
3 2949 2950 2955
1 2954
1 2954
3 2952 2953 2955
3 2951 2954 2956
3 2948 2955 2957
3 2941 2956 2989
1 2960
1 2960
3 2958 2959 2964
1 2963
1 2963
3 2961 2962 2964
3 2960 2963 2972
1 2967
1 2967
3 2965 2966 2971
1 2970
1 2970
3 2968 2969 2971
3 2967 2970 2972
3 2964 2971 2988
1 2975
1 2975
3 2973 2974 2979
1 2978
1 2978
3 2976 2977 2979
3 2975 2978 2987
1 2982
1 2982
3 2980 2981 2986
1 2985
1 2985
3 2983 2984 2986
3 2982 2985 2987
3 2979 2986 2988
3 2972 2987 2989
3 2957 2988 3053
1 2992
1 2992
3 2990 2991 2996
1 2995
1 2995
3 2993 2994 2996
3 2992 2995 3004
1 2999
1 2999
3 2997 2998 3003
1 3002
1 3002
3 3000 3001 3003
3 2999 3002 3004
3 2996 3003 3020
1 3007
1 3007
3 3005 3006 3011
1 3010
1 3010
3 3008 3009 3011
3 3007 3010 3019
1 3014
1 3014
3 3012 3013 3018
1 3017
1 3017
3 3015 3016 3018
3 3014 3017 3019
3 3011 3018 3020
3 3004 3019 3052
1 3023
1 3023
3 3021 3022 3027
1 3026
1 3026
3 3024 3025 3027
3 3023 3026 3035
1 3030
1 3030
3 3028 3029 3034
1 3033
1 3033
3 3031 3032 3034
3 3030 3033 3035
3 3027 3034 3051
1 3038
1 3038
3 3036 3037 3042
1 3041
1 3041
3 3039 3040 3042
3 3038 3041 3050
1 3045
1 3045
3 3043 3044 3049
1 3048
1 3048
3 3046 3047 3049
3 3045 3048 3050
3 3042 3049 3051
3 3035 3050 3052
3 3020 3051 3053
3 2989 3052 3181
1 3056
1 3056
3 3054 3055 3060
1 3059
1 3059
3 3057 3058 3060
3 3056 3059 3068
1 3063
1 3063
3 3061 3062 3067
1 3066
1 3066
3 3064 3065 3067
3 3063 3066 3068
3 3060 3067 3084
1 3071
1 3071
3 3069 3070 3075
1 3074
1 3074
3 3072 3073 3075
3 3071 3074 3083
1 3078
1 3078
3 3076 3077 3082
1 3081
1 3081
3 3079 3080 3082
3 3078 3081 3083
3 3075 3082 3084
3 3068 3083 3116
1 3087
1 3087
3 3085 3086 3091
1 3090
1 3090
3 3088 3089 3091
3 3087 3090 3099
1 3094
1 3094
3 3092 3093 3098
1 3097
1 3097
3 3095 3096 3098
3 3094 3097 3099
3 3091 3098 3115
1 3102
1 3102
3 3100 3101 3106
1 3105
1 3105
3 3103 3104 3106
3 3102 3105 3114
1 3109
1 3109
3 3107 3108 3113
1 3112
1 3112
3 3110 3111 3113
3 3109 3112 3114
3 3106 3113 3115
3 3099 3114 3116
3 3084 3115 3180
1 3119
1 3119
3 3117 3118 3123
1 3122
1 3122
3 3120 3121 3123
3 3119 3122 3131
1 3126
1 3126
3 3124 3125 3130
1 3129
1 3129
3 3127 3128 3130
3 3126 3129 3131
3 3123 3130 3147
1 3134
1 3134
3 3132 3133 3138
1 3137
1 3137
3 3135 3136 3138
3 3134 3137 3146
1 3141
1 3141
3 3139 3140 3145
1 3144
1 3144
3 3142 3143 3145
3 3141 3144 3146
3 3138 3145 3147
3 3131 3146 3179
1 3150
1 3150
3 3148 3149 3154
1 3153
1 3153
3 3151 3152 3154
3 3150 3153 3162
1 3157
1 3157
3 3155 3156 3161
1 3160
1 3160
3 3158 3159 3161
3 3157 3160 3162
3 3154 3161 3178
1 3165
1 3165
3 3163 3164 3169
1 3168
1 3168
3 3166 3167 3169
3 3165 3168 3177
1 3172
1 3172
3 3170 3171 3176
1 3175
1 3175
3 3173 3174 3176
3 3172 3175 3177
3 3169 3176 3178
3 3162 3177 3179
3 3147 3178 3180
3 3116 3179 3181
3 3053 3180 3182
3 2926 3181 3183
3 2671 3182 4207
1 3186
1 3186
3 3184 3185 3190
1 3189
1 3189
3 3187 3188 3190
3 3186 3189 3198
1 3193
1 3193
3 3191 3192 3197
1 3196
1 3196
3 3194 3195 3197
3 3193 3196 3198
3 3190 3197 3214
1 3201
1 3201
3 3199 3200 3205
1 3204
1 3204
3 3202 3203 3205
3 3201 3204 3213
1 3208
1 3208
3 3206 3207 3212
1 3211
1 3211
3 3209 3210 3212
3 3208 3211 3213
3 3205 3212 3214
3 3198 3213 3246
1 3217
1 3217
3 3215 3216 3221
1 3220
1 3220
3 3218 3219 3221
3 3217 3220 3229
1 3224
1 3224
3 3222 3223 3228
1 3227
1 3227
3 3225 3226 3228
3 3224 3227 3229
3 3221 3228 3245
1 3232
1 3232
3 3230 3231 3236
1 3235
1 3235
3 3233 3234 3236
3 3232 3235 3244
1 3239
1 3239
3 3237 3238 3243
1 3242
1 3242
3 3240 3241 3243
3 3239 3242 3244
3 3236 3243 3245
3 3229 3244 3246
3 3214 3245 3310
1 3249
1 3249
3 3247 3248 3253
1 3252
1 3252
3 3250 3251 3253
3 3249 3252 3261
1 3256
1 3256
3 3254 3255 3260
1 3259
1 3259
3 3257 3258 3260
3 3256 3259 3261
3 3253 3260 3277
1 3264
1 3264
3 3262 3263 3268
1 3267
1 3267
3 3265 3266 3268
3 3264 3267 3276
1 3271
1 3271
3 3269 3270 3275
1 3274
1 3274
3 3272 3273 3275
3 3271 3274 3276
3 3268 3275 3277
3 3261 3276 3309
1 3280
1 3280
3 3278 3279 3284
1 3283
1 3283
3 3281 3282 3284
3 3280 3283 3292
1 3287
1 3287
3 3285 3286 3291
1 3290
1 3290
3 3288 3289 3291
3 3287 3290 3292
3 3284 3291 3308
1 3295
1 3295
3 3293 3294 3299
1 3298
1 3298
3 3296 3297 3299
3 3295 3298 3307
1 3302
1 3302
3 3300 3301 3306
1 3305
1 3305
3 3303 3304 3306
3 3302 3305 3307
3 3299 3306 3308
3 3292 3307 3309
3 3277 3308 3310
3 3246 3309 3438
1 3313
1 3313
3 3311 3312 3317
1 3316
1 3316
3 3314 3315 3317
3 3313 3316 3325
1 3320
1 3320
3 3318 3319 3324
1 3323
1 3323
3 3321 3322 3324
3 3320 3323 3325
3 3317 3324 3341
1 3328
1 3328
3 3326 3327 3332
1 3331
1 3331
3 3329 3330 3332
3 3328 3331 3340
1 3335
1 3335
3 3333 3334 3339
1 3338
1 3338
3 3336 3337 3339
3 3335 3338 3340
3 3332 3339 3341
3 3325 3340 3373
1 3344
1 3344
3 3342 3343 3348
1 3347
1 3347
3 3345 3346 3348
3 3344 3347 3356
1 3351
1 3351
3 3349 3350 3355
1 3354
1 3354
3 3352 3353 3355
3 3351 3354 3356
3 3348 3355 3372
1 3359
1 3359
3 3357 3358 3363
1 3362
1 3362
3 3360 3361 3363
3 3359 3362 3371
1 3366
1 3366
3 3364 3365 3370
1 3369
1 3369
3 3367 3368 3370
3 3366 3369 3371
3 3363 3370 3372
3 3356 3371 3373
3 3341 3372 3437
1 3376
1 3376
3 3374 3375 3380
1 3379
1 3379
3 3377 3378 3380
3 3376 3379 3388
1 3383
1 3383
3 3381 3382 3387
1 3386
1 3386
3 3384 3385 3387
3 3383 3386 3388
3 3380 3387 3404
1 3391
1 3391
3 3389 3390 3395
1 3394
1 3394
3 3392 3393 3395
3 3391 3394 3403
1 3398
1 3398
3 3396 3397 3402
1 3401
1 3401
3 3399 3400 3402
3 3398 3401 3403
3 3395 3402 3404
3 3388 3403 3436
1 3407
1 3407
3 3405 3406 3411
1 3410
1 3410
3 3408 3409 3411
3 3407 3410 3419
1 3414
1 3414
3 3412 3413 3418
1 3417
1 3417
3 3415 3416 3418
3 3414 3417 3419
3 3411 3418 3435
1 3422
1 3422
3 3420 3421 3426
1 3425
1 3425
3 3423 3424 3426
3 3422 3425 3434
1 3429
1 3429
3 3427 3428 3433
1 3432
1 3432
3 3430 3431 3433
3 3429 3432 3434
3 3426 3433 3435
3 3419 3434 3436
3 3404 3435 3437
3 3373 3436 3438
3 3310 3437 3694
1 3441
1 3441
3 3439 3440 3445
1 3444
1 3444
3 3442 3443 3445
3 3441 3444 3453
1 3448
1 3448
3 3446 3447 3452
1 3451
1 3451
3 3449 3450 3452
3 3448 3451 3453
3 3445 3452 3469
1 3456
1 3456
3 3454 3455 3460
1 3459
1 3459
3 3457 3458 3460
3 3456 3459 3468
1 3463
1 3463
3 3461 3462 3467
1 3466
1 3466
3 3464 3465 3467
3 3463 3466 3468
3 3460 3467 3469
3 3453 3468 3501
1 3472
1 3472
3 3470 3471 3476
1 3475
1 3475
3 3473 3474 3476
3 3472 3475 3484
1 3479
1 3479
3 3477 3478 3483
1 3482
1 3482
3 3480 3481 3483
3 3479 3482 3484
3 3476 3483 3500
1 3487
1 3487
3 3485 3486 3491
1 3490
1 3490
3 3488 3489 3491
3 3487 3490 3499
1 3494
1 3494
3 3492 3493 3498
1 3497
1 3497
3 3495 3496 3498
3 3494 3497 3499
3 3491 3498 3500
3 3484 3499 3501
3 3469 3500 3565
1 3504
1 3504
3 3502 3503 3508
1 3507
1 3507
3 3505 3506 3508
3 3504 3507 3516
1 3511
1 3511
3 3509 3510 3515
1 3514
1 3514
3 3512 3513 3515
3 3511 3514 3516
3 3508 3515 3532
1 3519
1 3519
3 3517 3518 3523
1 3522
1 3522
3 3520 3521 3523
3 3519 3522 3531
1 3526
1 3526
3 3524 3525 3530
1 3529
1 3529
3 3527 3528 3530
3 3526 3529 3531
3 3523 3530 3532
3 3516 3531 3564
1 3535
1 3535
3 3533 3534 3539
1 3538
1 3538
3 3536 3537 3539
3 3535 3538 3547
1 3542
1 3542
3 3540 3541 3546
1 3545
1 3545
3 3543 3544 3546
3 3542 3545 3547
3 3539 3546 3563
1 3550
1 3550
3 3548 3549 3554
1 3553
1 3553
3 3551 3552 3554
3 3550 3553 3562
1 3557
1 3557
3 3555 3556 3561
1 3560
1 3560
3 3558 3559 3561
3 3557 3560 3562
3 3554 3561 3563
3 3547 3562 3564
3 3532 3563 3565
3 3501 3564 3693
1 3568
1 3568
3 3566 3567 3572
1 3571
1 3571
3 3569 3570 3572
3 3568 3571 3580
1 3575
1 3575
3 3573 3574 3579
1 3578
1 3578
3 3576 3577 3579
3 3575 3578 3580
3 3572 3579 3596
1 3583
1 3583
3 3581 3582 3587
1 3586
1 3586
3 3584 3585 3587
3 3583 3586 3595
1 3590
1 3590
3 3588 3589 3594
1 3593
1 3593
3 3591 3592 3594
3 3590 3593 3595
3 3587 3594 3596
3 3580 3595 3628
1 3599
1 3599
3 3597 3598 3603
1 3602
1 3602
3 3600 3601 3603
3 3599 3602 3611
1 3606
1 3606
3 3604 3605 3610
1 3609
1 3609
3 3607 3608 3610
3 3606 3609 3611
3 3603 3610 3627
1 3614
1 3614
3 3612 3613 3618
1 3617
1 3617
3 3615 3616 3618
3 3614 3617 3626
1 3621
1 3621
3 3619 3620 3625
1 3624
1 3624
3 3622 3623 3625
3 3621 3624 3626
3 3618 3625 3627
3 3611 3626 3628
3 3596 3627 3692
1 3631
1 3631
3 3629 3630 3635
1 3634
1 3634
3 3632 3633 3635
3 3631 3634 3643
1 3638
1 3638
3 3636 3637 3642
1 3641
1 3641
3 3639 3640 3642
3 3638 3641 3643
3 3635 3642 3659
1 3646
1 3646
3 3644 3645 3650
1 3649
1 3649
3 3647 3648 3650
3 3646 3649 3658
1 3653
1 3653
3 3651 3652 3657
1 3656
1 3656
3 3654 3655 3657
3 3653 3656 3658
3 3650 3657 3659
3 3643 3658 3691
1 3662
1 3662
3 3660 3661 3666
1 3665
1 3665
3 3663 3664 3666
3 3662 3665 3674
1 3669
1 3669
3 3667 3668 3673
1 3672
1 3672
3 3670 3671 3673
3 3669 3672 3674
3 3666 3673 3690
1 3677
1 3677
3 3675 3676 3681
1 3680
1 3680
3 3678 3679 3681
3 3677 3680 3689
1 3684
1 3684
3 3682 3683 3688
1 3687
1 3687
3 3685 3686 3688
3 3684 3687 3689
3 3681 3688 3690
3 3674 3689 3691
3 3659 3690 3692
3 3628 3691 3693
3 3565 3692 3694
3 3438 3693 4206
1 3697
1 3697
3 3695 3696 3701
1 3700
1 3700
3 3698 3699 3701
3 3697 3700 3709
1 3704
1 3704
3 3702 3703 3708
1 3707
1 3707
3 3705 3706 3708
3 3704 3707 3709
3 3701 3708 3725
1 3712
1 3712
3 3710 3711 3716
1 3715
1 3715
3 3713 3714 3716
3 3712 3715 3724
1 3719
1 3719
3 3717 3718 3723
1 3722
1 3722
3 3720 3721 3723
3 3719 3722 3724
3 3716 3723 3725
3 3709 3724 3757
1 3728
1 3728
3 3726 3727 3732
1 3731
1 3731
3 3729 3730 3732
3 3728 3731 3740
1 3735
1 3735
3 3733 3734 3739
1 3738
1 3738
3 3736 3737 3739
3 3735 3738 3740
3 3732 3739 3756
1 3743
1 3743
3 3741 3742 3747
1 3746
1 3746
3 3744 3745 3747
3 3743 3746 3755
1 3750
1 3750
3 3748 3749 3754
1 3753
1 3753
3 3751 3752 3754
3 3750 3753 3755
3 3747 3754 3756
3 3740 3755 3757
3 3725 3756 3821
1 3760
1 3760
3 3758 3759 3764
1 3763
1 3763
3 3761 3762 3764
3 3760 3763 3772
1 3767
1 3767
3 3765 3766 3771
1 3770
1 3770
3 3768 3769 3771
3 3767 3770 3772
3 3764 3771 3788
1 3775
1 3775
3 3773 3774 3779
1 3778
1 3778
3 3776 3777 3779
3 3775 3778 3787
1 3782
1 3782
3 3780 3781 3786
1 3785
1 3785
3 3783 3784 3786
3 3782 3785 3787
3 3779 3786 3788
3 3772 3787 3820
1 3791
1 3791
3 3789 3790 3795
1 3794
1 3794
3 3792 3793 3795
3 3791 3794 3803
1 3798
1 3798
3 3796 3797 3802
1 3801
1 3801
3 3799 3800 3802
3 3798 3801 3803
3 3795 3802 3819
1 3806
1 3806
3 3804 3805 3810
1 3809
1 3809
3 3807 3808 3810
3 3806 3809 3818
1 3813
1 3813
3 3811 3812 3817
1 3816
1 3816
3 3814 3815 3817
3 3813 3816 3818
3 3810 3817 3819
3 3803 3818 3820
3 3788 3819 3821
3 3757 3820 3949
1 3824
1 3824
3 3822 3823 3828
1 3827
1 3827
3 3825 3826 3828
3 3824 3827 3836
1 3831
1 3831
3 3829 3830 3835
1 3834
1 3834
3 3832 3833 3835
3 3831 3834 3836
3 3828 3835 3852
1 3839
1 3839
3 3837 3838 3843
1 3842
1 3842
3 3840 3841 3843
3 3839 3842 3851
1 3846
1 3846
3 3844 3845 3850
1 3849
1 3849
3 3847 3848 3850
3 3846 3849 3851
3 3843 3850 3852
3 3836 3851 3884
1 3855
1 3855
3 3853 3854 3859
1 3858
1 3858
3 3856 3857 3859
3 3855 3858 3867
1 3862
1 3862
3 3860 3861 3866
1 3865
1 3865
3 3863 3864 3866
3 3862 3865 3867
3 3859 3866 3883
1 3870
1 3870
3 3868 3869 3874
1 3873
1 3873
3 3871 3872 3874
3 3870 3873 3882
1 3877
1 3877
3 3875 3876 3881
1 3880
1 3880
3 3878 3879 3881
3 3877 3880 3882
3 3874 3881 3883
3 3867 3882 3884
3 3852 3883 3948
1 3887
1 3887
3 3885 3886 3891
1 3890
1 3890
3 3888 3889 3891
3 3887 3890 3899
1 3894
1 3894
3 3892 3893 3898
1 3897
1 3897
3 3895 3896 3898
3 3894 3897 3899
3 3891 3898 3915
1 3902
1 3902
3 3900 3901 3906
1 3905
1 3905
3 3903 3904 3906
3 3902 3905 3914
1 3909
1 3909
3 3907 3908 3913
1 3912
1 3912
3 3910 3911 3913
3 3909 3912 3914
3 3906 3913 3915
3 3899 3914 3947
1 3918
1 3918
3 3916 3917 3922
1 3921
1 3921
3 3919 3920 3922
3 3918 3921 3930
1 3925
1 3925
3 3923 3924 3929
1 3928
1 3928
3 3926 3927 3929
3 3925 3928 3930
3 3922 3929 3946
1 3933
1 3933
3 3931 3932 3937
1 3936
1 3936
3 3934 3935 3937
3 3933 3936 3945
1 3940
1 3940
3 3938 3939 3944
1 3943
1 3943
3 3941 3942 3944
3 3940 3943 3945
3 3937 3944 3946
3 3930 3945 3947
3 3915 3946 3948
3 3884 3947 3949
3 3821 3948 4205
1 3952
1 3952
3 3950 3951 3956
1 3955
1 3955
3 3953 3954 3956
3 3952 3955 3964
1 3959
1 3959
3 3957 3958 3963
1 3962
1 3962
3 3960 3961 3963
3 3959 3962 3964
3 3956 3963 3980
1 3967
1 3967
3 3965 3966 3971
1 3970
1 3970
3 3968 3969 3971
3 3967 3970 3979
1 3974
1 3974
3 3972 3973 3978
1 3977
1 3977
3 3975 3976 3978
3 3974 3977 3979
3 3971 3978 3980
3 3964 3979 4012
1 3983
1 3983
3 3981 3982 3987
1 3986
1 3986
3 3984 3985 3987
3 3983 3986 3995
1 3990
1 3990
3 3988 3989 3994
1 3993
1 3993
3 3991 3992 3994
3 3990 3993 3995
3 3987 3994 4011
1 3998
1 3998
3 3996 3997 4002
1 4001
1 4001
3 3999 4000 4002
3 3998 4001 4010
1 4005
1 4005
3 4003 4004 4009
1 4008
1 4008
3 4006 4007 4009
3 4005 4008 4010
3 4002 4009 4011
3 3995 4010 4012
3 3980 4011 4076
1 4015
1 4015
3 4013 4014 4019
1 4018
1 4018
3 4016 4017 4019
3 4015 4018 4027
1 4022
1 4022
3 4020 4021 4026
1 4025
1 4025
3 4023 4024 4026
3 4022 4025 4027
3 4019 4026 4043
1 4030
1 4030
3 4028 4029 4034
1 4033
1 4033
3 4031 4032 4034
3 4030 4033 4042
1 4037
1 4037
3 4035 4036 4041
1 4040
1 4040
3 4038 4039 4041
3 4037 4040 4042
3 4034 4041 4043
3 4027 4042 4075
1 4046
1 4046
3 4044 4045 4050
1 4049
1 4049
3 4047 4048 4050
3 4046 4049 4058
1 4053
1 4053
3 4051 4052 4057
1 4056
1 4056
3 4054 4055 4057
3 4053 4056 4058
3 4050 4057 4074
1 4061
1 4061
3 4059 4060 4065
1 4064
1 4064
3 4062 4063 4065
3 4061 4064 4073
1 4068
1 4068
3 4066 4067 4072
1 4071
1 4071
3 4069 4070 4072
3 4068 4071 4073
3 4065 4072 4074
3 4058 4073 4075
3 4043 4074 4076
3 4012 4075 4204
1 4079
1 4079
3 4077 4078 4083
1 4082
1 4082
3 4080 4081 4083
3 4079 4082 4091
1 4086
1 4086
3 4084 4085 4090
1 4089
1 4089
3 4087 4088 4090
3 4086 4089 4091
3 4083 4090 4107
1 4094
1 4094
3 4092 4093 4098
1 4097
1 4097
3 4095 4096 4098
3 4094 4097 4106
1 4101
1 4101
3 4099 4100 4105
1 4104
1 4104
3 4102 4103 4105
3 4101 4104 4106
3 4098 4105 4107
3 4091 4106 4139
1 4110
1 4110
3 4108 4109 4114
1 4113
1 4113
3 4111 4112 4114
3 4110 4113 4122
1 4117
1 4117
3 4115 4116 4121
1 4120
1 4120
3 4118 4119 4121
3 4117 4120 4122
3 4114 4121 4138
1 4125
1 4125
3 4123 4124 4129
1 4128
1 4128
3 4126 4127 4129
3 4125 4128 4137
1 4132
1 4132
3 4130 4131 4136
1 4135
1 4135
3 4133 4134 4136
3 4132 4135 4137
3 4129 4136 4138
3 4122 4137 4139
3 4107 4138 4203
1 4142
1 4142
3 4140 4141 4146
1 4145
1 4145
3 4143 4144 4146
3 4142 4145 4154
1 4149
1 4149
3 4147 4148 4153
1 4152
1 4152
3 4150 4151 4153
3 4149 4152 4154
3 4146 4153 4170
1 4157
1 4157
3 4155 4156 4161
1 4160
1 4160
3 4158 4159 4161
3 4157 4160 4169
1 4164
1 4164
3 4162 4163 4168
1 4167
1 4167
3 4165 4166 4168
3 4164 4167 4169
3 4161 4168 4170
3 4154 4169 4202
1 4173
1 4173
3 4171 4172 4177
1 4176
1 4176
3 4174 4175 4177
3 4173 4176 4185
1 4180
1 4180
3 4178 4179 4184
1 4183
1 4183
3 4181 4182 4184
3 4180 4183 4185
3 4177 4184 4201
1 4188
1 4188
3 4186 4187 4192
1 4191
1 4191
3 4189 4190 4192
3 4188 4191 4200
1 4195
1 4195
3 4193 4194 4199
1 4198
1 4198
3 4196 4197 4199
3 4195 4198 4200
3 4192 4199 4201
3 4185 4200 4202
3 4170 4201 4203
3 4139 4202 4204
3 4076 4203 4205
3 3949 4204 4206
3 3694 4205 4207
3 3183 4206 4208
3 2160 4207 8304
1 4211
1 4211
3 4209 4210 4215
1 4214
1 4214
3 4212 4213 4215
3 4211 4214 4223
1 4218
1 4218
3 4216 4217 4222
1 4221
1 4221
3 4219 4220 4222
3 4218 4221 4223
3 4215 4222 4239
1 4226
1 4226
3 4224 4225 4230
1 4229
1 4229
3 4227 4228 4230
3 4226 4229 4238
1 4233
1 4233
3 4231 4232 4237
1 4236
1 4236
3 4234 4235 4237
3 4233 4236 4238
3 4230 4237 4239
3 4223 4238 4271
1 4242
1 4242
3 4240 4241 4246
1 4245
1 4245
3 4243 4244 4246
3 4242 4245 4254
1 4249
1 4249
3 4247 4248 4253
1 4252
1 4252
3 4250 4251 4253
3 4249 4252 4254
3 4246 4253 4270
1 4257
1 4257
3 4255 4256 4261
1 4260
1 4260
3 4258 4259 4261
3 4257 4260 4269
1 4264
1 4264
3 4262 4263 4268
1 4267
1 4267
3 4265 4266 4268
3 4264 4267 4269
3 4261 4268 4270
3 4254 4269 4271
3 4239 4270 4335
1 4274
1 4274
3 4272 4273 4278
1 4277
1 4277
3 4275 4276 4278
3 4274 4277 4286
1 4281
1 4281
3 4279 4280 4285
1 4284
1 4284
3 4282 4283 4285
3 4281 4284 4286
3 4278 4285 4302
1 4289
1 4289
3 4287 4288 4293
1 4292
1 4292
3 4290 4291 4293
3 4289 4292 4301
1 4296
1 4296
3 4294 4295 4300
1 4299
1 4299
3 4297 4298 4300
3 4296 4299 4301
3 4293 4300 4302
3 4286 4301 4334
1 4305
1 4305
3 4303 4304 4309
1 4308
1 4308
3 4306 4307 4309
3 4305 4308 4317
1 4312
1 4312
3 4310 4311 4316
1 4315
1 4315
3 4313 4314 4316
3 4312 4315 4317
3 4309 4316 4333
1 4320
1 4320
3 4318 4319 4324
1 4323
1 4323
3 4321 4322 4324
3 4320 4323 4332
1 4327
1 4327
3 4325 4326 4331
1 4330
1 4330
3 4328 4329 4331
3 4327 4330 4332
3 4324 4331 4333
3 4317 4332 4334
3 4302 4333 4335
3 4271 4334 4463
1 4338
1 4338
3 4336 4337 4342
1 4341
1 4341
3 4339 4340 4342
3 4338 4341 4350
1 4345
1 4345
3 4343 4344 4349
1 4348
1 4348
3 4346 4347 4349
3 4345 4348 4350
3 4342 4349 4366
1 4353
1 4353
3 4351 4352 4357
1 4356
1 4356
3 4354 4355 4357
3 4353 4356 4365
1 4360
1 4360
3 4358 4359 4364
1 4363
1 4363
3 4361 4362 4364
3 4360 4363 4365
3 4357 4364 4366
3 4350 4365 4398
1 4369
1 4369
3 4367 4368 4373
1 4372
1 4372
3 4370 4371 4373
3 4369 4372 4381
1 4376
1 4376
3 4374 4375 4380
1 4379
1 4379
3 4377 4378 4380
3 4376 4379 4381
3 4373 4380 4397
1 4384
1 4384
3 4382 4383 4388
1 4387
1 4387
3 4385 4386 4388
3 4384 4387 4396
1 4391
1 4391
3 4389 4390 4395
1 4394
1 4394
3 4392 4393 4395
3 4391 4394 4396
3 4388 4395 4397
3 4381 4396 4398
3 4366 4397 4462
1 4401
1 4401
3 4399 4400 4405
1 4404
1 4404
3 4402 4403 4405
3 4401 4404 4413
1 4408
1 4408
3 4406 4407 4412
1 4411
1 4411
3 4409 4410 4412
3 4408 4411 4413
3 4405 4412 4429
1 4416
1 4416
3 4414 4415 4420
1 4419
1 4419
3 4417 4418 4420
3 4416 4419 4428
1 4423
1 4423
3 4421 4422 4427
1 4426
1 4426
3 4424 4425 4427
3 4423 4426 4428
3 4420 4427 4429
3 4413 4428 4461
1 4432
1 4432
3 4430 4431 4436
1 4435
1 4435
3 4433 4434 4436
3 4432 4435 4444
1 4439
1 4439
3 4437 4438 4443
1 4442
1 4442
3 4440 4441 4443
3 4439 4442 4444
3 4436 4443 4460
1 4447
1 4447
3 4445 4446 4451
1 4450
1 4450
3 4448 4449 4451
3 4447 4450 4459
1 4454
1 4454
3 4452 4453 4458
1 4457
1 4457
3 4455 4456 4458
3 4454 4457 4459
3 4451 4458 4460
3 4444 4459 4461
3 4429 4460 4462
3 4398 4461 4463
3 4335 4462 4719
1 4466
1 4466
3 4464 4465 4470
1 4469
1 4469
3 4467 4468 4470
3 4466 4469 4478
1 4473
1 4473
3 4471 4472 4477
1 4476
1 4476
3 4474 4475 4477
3 4473 4476 4478
3 4470 4477 4494
1 4481
1 4481
3 4479 4480 4485
1 4484
1 4484
3 4482 4483 4485
3 4481 4484 4493
1 4488
1 4488
3 4486 4487 4492
1 4491
1 4491
3 4489 4490 4492
3 4488 4491 4493
3 4485 4492 4494
3 4478 4493 4526
1 4497
1 4497
3 4495 4496 4501
1 4500
1 4500
3 4498 4499 4501
3 4497 4500 4509
1 4504
1 4504
3 4502 4503 4508
1 4507
1 4507
3 4505 4506 4508
3 4504 4507 4509
3 4501 4508 4525
1 4512
1 4512
3 4510 4511 4516
1 4515
1 4515
3 4513 4514 4516
3 4512 4515 4524
1 4519
1 4519
3 4517 4518 4523
1 4522
1 4522
3 4520 4521 4523
3 4519 4522 4524
3 4516 4523 4525
3 4509 4524 4526
3 4494 4525 4590
1 4529
1 4529
3 4527 4528 4533
1 4532
1 4532
3 4530 4531 4533
3 4529 4532 4541
1 4536
1 4536
3 4534 4535 4540
1 4539
1 4539
3 4537 4538 4540
3 4536 4539 4541
3 4533 4540 4557
1 4544
1 4544
3 4542 4543 4548
1 4547
1 4547
3 4545 4546 4548
3 4544 4547 4556
1 4551
1 4551
3 4549 4550 4555
1 4554
1 4554
3 4552 4553 4555
3 4551 4554 4556
3 4548 4555 4557
3 4541 4556 4589
1 4560
1 4560
3 4558 4559 4564
1 4563
1 4563
3 4561 4562 4564
3 4560 4563 4572
1 4567
1 4567
3 4565 4566 4571
1 4570
1 4570
3 4568 4569 4571
3 4567 4570 4572
3 4564 4571 4588
1 4575
1 4575
3 4573 4574 4579
1 4578
1 4578
3 4576 4577 4579
3 4575 4578 4587
1 4582
1 4582
3 4580 4581 4586
1 4585
1 4585
3 4583 4584 4586
3 4582 4585 4587
3 4579 4586 4588
3 4572 4587 4589
3 4557 4588 4590
3 4526 4589 4718
1 4593
1 4593
3 4591 4592 4597
1 4596
1 4596
3 4594 4595 4597
3 4593 4596 4605
1 4600
1 4600
3 4598 4599 4604
1 4603
1 4603
3 4601 4602 4604
3 4600 4603 4605
3 4597 4604 4621
1 4608
1 4608
3 4606 4607 4612
1 4611
1 4611
3 4609 4610 4612
3 4608 4611 4620
1 4615
1 4615
3 4613 4614 4619
1 4618
1 4618
3 4616 4617 4619
3 4615 4618 4620
3 4612 4619 4621
3 4605 4620 4653
1 4624
1 4624
3 4622 4623 4628
1 4627
1 4627
3 4625 4626 4628
3 4624 4627 4636
1 4631
1 4631
3 4629 4630 4635
1 4634
1 4634
3 4632 4633 4635
3 4631 4634 4636
3 4628 4635 4652
1 4639
1 4639
3 4637 4638 4643
1 4642
1 4642
3 4640 4641 4643
3 4639 4642 4651
1 4646
1 4646
3 4644 4645 4650
1 4649
1 4649
3 4647 4648 4650
3 4646 4649 4651
3 4643 4650 4652
3 4636 4651 4653
3 4621 4652 4717
1 4656
1 4656
3 4654 4655 4660
1 4659
1 4659
3 4657 4658 4660
3 4656 4659 4668
1 4663
1 4663
3 4661 4662 4667
1 4666
1 4666
3 4664 4665 4667
3 4663 4666 4668
3 4660 4667 4684
1 4671
1 4671
3 4669 4670 4675
1 4674
1 4674
3 4672 4673 4675
3 4671 4674 4683
1 4678
1 4678
3 4676 4677 4682
1 4681
1 4681
3 4679 4680 4682
3 4678 4681 4683
3 4675 4682 4684
3 4668 4683 4716
1 4687
1 4687
3 4685 4686 4691
1 4690
1 4690
3 4688 4689 4691
3 4687 4690 4699
1 4694
1 4694
3 4692 4693 4698
1 4697
1 4697
3 4695 4696 4698
3 4694 4697 4699
3 4691 4698 4715
1 4702
1 4702
3 4700 4701 4706
1 4705
1 4705
3 4703 4704 4706
3 4702 4705 4714
1 4709
1 4709
3 4707 4708 4713
1 4712
1 4712
3 4710 4711 4713
3 4709 4712 4714
3 4706 4713 4715
3 4699 4714 4716
3 4684 4715 4717
3 4653 4716 4718
3 4590 4717 4719
3 4463 4718 5231
1 4722
1 4722
3 4720 4721 4726
1 4725
1 4725
3 4723 4724 4726
3 4722 4725 4734
1 4729
1 4729
3 4727 4728 4733
1 4732
1 4732
3 4730 4731 4733
3 4729 4732 4734
3 4726 4733 4750
1 4737
1 4737
3 4735 4736 4741
1 4740
1 4740
3 4738 4739 4741
3 4737 4740 4749
1 4744
1 4744
3 4742 4743 4748
1 4747
1 4747
3 4745 4746 4748
3 4744 4747 4749
3 4741 4748 4750
3 4734 4749 4782
1 4753
1 4753
3 4751 4752 4757
1 4756
1 4756
3 4754 4755 4757
3 4753 4756 4765
1 4760
1 4760
3 4758 4759 4764
1 4763
1 4763
3 4761 4762 4764
3 4760 4763 4765
3 4757 4764 4781
1 4768
1 4768
3 4766 4767 4772
1 4771
1 4771
3 4769 4770 4772
3 4768 4771 4780
1 4775
1 4775
3 4773 4774 4779
1 4778
1 4778
3 4776 4777 4779
3 4775 4778 4780
3 4772 4779 4781
3 4765 4780 4782
3 4750 4781 4846
1 4785
1 4785
3 4783 4784 4789
1 4788
1 4788
3 4786 4787 4789
3 4785 4788 4797
1 4792
1 4792
3 4790 4791 4796
1 4795
1 4795
3 4793 4794 4796
3 4792 4795 4797
3 4789 4796 4813
1 4800
1 4800
3 4798 4799 4804
1 4803
1 4803
3 4801 4802 4804
3 4800 4803 4812
1 4807
1 4807
3 4805 4806 4811
1 4810
1 4810
3 4808 4809 4811
3 4807 4810 4812
3 4804 4811 4813
3 4797 4812 4845
1 4816
1 4816
3 4814 4815 4820
1 4819
1 4819
3 4817 4818 4820
3 4816 4819 4828
1 4823
1 4823
3 4821 4822 4827
1 4826
1 4826
3 4824 4825 4827
3 4823 4826 4828
3 4820 4827 4844
1 4831
1 4831
3 4829 4830 4835
1 4834
1 4834
3 4832 4833 4835
3 4831 4834 4843
1 4838
1 4838
3 4836 4837 4842
1 4841
1 4841
3 4839 4840 4842
3 4838 4841 4843
3 4835 4842 4844
3 4828 4843 4845
3 4813 4844 4846
3 4782 4845 4974
1 4849
1 4849
3 4847 4848 4853
1 4852
1 4852
3 4850 4851 4853
3 4849 4852 4861
1 4856
1 4856
3 4854 4855 4860
1 4859
1 4859
3 4857 4858 4860
3 4856 4859 4861
3 4853 4860 4877
1 4864
1 4864
3 4862 4863 4868
1 4867
1 4867
3 4865 4866 4868
3 4864 4867 4876
1 4871
1 4871
3 4869 4870 4875
1 4874
1 4874
3 4872 4873 4875
3 4871 4874 4876
3 4868 4875 4877
3 4861 4876 4909
1 4880
1 4880
3 4878 4879 4884
1 4883
1 4883
3 4881 4882 4884
3 4880 4883 4892
1 4887
1 4887
3 4885 4886 4891
1 4890
1 4890
3 4888 4889 4891
3 4887 4890 4892
3 4884 4891 4908
1 4895
1 4895
3 4893 4894 4899
1 4898
1 4898
3 4896 4897 4899
3 4895 4898 4907
1 4902
1 4902
3 4900 4901 4906
1 4905
1 4905
3 4903 4904 4906
3 4902 4905 4907
3 4899 4906 4908
3 4892 4907 4909
3 4877 4908 4973
1 4912
1 4912
3 4910 4911 4916
1 4915
1 4915
3 4913 4914 4916
3 4912 4915 4924
1 4919
1 4919
3 4917 4918 4923
1 4922
1 4922
3 4920 4921 4923
3 4919 4922 4924
3 4916 4923 4940
1 4927
1 4927
3 4925 4926 4931
1 4930
1 4930
3 4928 4929 4931
3 4927 4930 4939
1 4934
1 4934
3 4932 4933 4938
1 4937
1 4937
3 4935 4936 4938
3 4934 4937 4939
3 4931 4938 4940
3 4924 4939 4972
1 4943
1 4943
3 4941 4942 4947
1 4946
1 4946
3 4944 4945 4947
3 4943 4946 4955
1 4950
1 4950
3 4948 4949 4954
1 4953
1 4953
3 4951 4952 4954
3 4950 4953 4955
3 4947 4954 4971
1 4958
1 4958
3 4956 4957 4962
1 4961
1 4961
3 4959 4960 4962
3 4958 4961 4970
1 4965
1 4965
3 4963 4964 4969
1 4968
1 4968
3 4966 4967 4969
3 4965 4968 4970
3 4962 4969 4971
3 4955 4970 4972
3 4940 4971 4973
3 4909 4972 4974
3 4846 4973 5230
1 4977
1 4977
3 4975 4976 4981
1 4980
1 4980
3 4978 4979 4981
3 4977 4980 4989
1 4984
1 4984
3 4982 4983 4988
1 4987
1 4987
3 4985 4986 4988
3 4984 4987 4989
3 4981 4988 5005
1 4992
1 4992
3 4990 4991 4996
1 4995
1 4995
3 4993 4994 4996
3 4992 4995 5004
1 4999
1 4999
3 4997 4998 5003
1 5002
1 5002
3 5000 5001 5003
3 4999 5002 5004
3 4996 5003 5005
3 4989 5004 5037
1 5008
1 5008
3 5006 5007 5012
1 5011
1 5011
3 5009 5010 5012
3 5008 5011 5020
1 5015
1 5015
3 5013 5014 5019
1 5018
1 5018
3 5016 5017 5019
3 5015 5018 5020
3 5012 5019 5036
1 5023
1 5023
3 5021 5022 5027
1 5026
1 5026
3 5024 5025 5027
3 5023 5026 5035
1 5030
1 5030
3 5028 5029 5034
1 5033
1 5033
3 5031 5032 5034
3 5030 5033 5035
3 5027 5034 5036
3 5020 5035 5037
3 5005 5036 5101
1 5040
1 5040
3 5038 5039 5044
1 5043
1 5043
3 5041 5042 5044
3 5040 5043 5052
1 5047
1 5047
3 5045 5046 5051
1 5050
1 5050
3 5048 5049 5051
3 5047 5050 5052
3 5044 5051 5068
1 5055
1 5055
3 5053 5054 5059
1 5058
1 5058
3 5056 5057 5059
3 5055 5058 5067
1 5062
1 5062
3 5060 5061 5066
1 5065
1 5065
3 5063 5064 5066
3 5062 5065 5067
3 5059 5066 5068
3 5052 5067 5100
1 5071
1 5071
3 5069 5070 5075
1 5074
1 5074
3 5072 5073 5075
3 5071 5074 5083
1 5078
1 5078
3 5076 5077 5082
1 5081
1 5081
3 5079 5080 5082
3 5078 5081 5083
3 5075 5082 5099
1 5086
1 5086
3 5084 5085 5090
1 5089
1 5089
3 5087 5088 5090
3 5086 5089 5098
1 5093
1 5093
3 5091 5092 5097
1 5096
1 5096
3 5094 5095 5097
3 5093 5096 5098
3 5090 5097 5099
3 5083 5098 5100
3 5068 5099 5101
3 5037 5100 5229
1 5104
1 5104
3 5102 5103 5108
1 5107
1 5107
3 5105 5106 5108
3 5104 5107 5116
1 5111
1 5111
3 5109 5110 5115
1 5114
1 5114
3 5112 5113 5115
3 5111 5114 5116
3 5108 5115 5132
1 5119
1 5119
3 5117 5118 5123
1 5122
1 5122
3 5120 5121 5123
3 5119 5122 5131
1 5126
1 5126
3 5124 5125 5130
1 5129
1 5129
3 5127 5128 5130
3 5126 5129 5131
3 5123 5130 5132
3 5116 5131 5164
1 5135
1 5135
3 5133 5134 5139
1 5138
1 5138
3 5136 5137 5139
3 5135 5138 5147
1 5142
1 5142
3 5140 5141 5146
1 5145
1 5145
3 5143 5144 5146
3 5142 5145 5147
3 5139 5146 5163
1 5150
1 5150
3 5148 5149 5154
1 5153
1 5153
3 5151 5152 5154
3 5150 5153 5162
1 5157
1 5157
3 5155 5156 5161
1 5160
1 5160
3 5158 5159 5161
3 5157 5160 5162
3 5154 5161 5163
3 5147 5162 5164
3 5132 5163 5228
1 5167
1 5167
3 5165 5166 5171
1 5170
1 5170
3 5168 5169 5171
3 5167 5170 5179
1 5174
1 5174
3 5172 5173 5178
1 5177
1 5177
3 5175 5176 5178
3 5174 5177 5179
3 5171 5178 5195
1 5182
1 5182
3 5180 5181 5186
1 5185
1 5185
3 5183 5184 5186
3 5182 5185 5194
1 5189
1 5189
3 5187 5188 5193
1 5192
1 5192
3 5190 5191 5193
3 5189 5192 5194
3 5186 5193 5195
3 5179 5194 5227
1 5198
1 5198
3 5196 5197 5202
1 5201
1 5201
3 5199 5200 5202
3 5198 5201 5210
1 5205
1 5205
3 5203 5204 5209
1 5208
1 5208
3 5206 5207 5209
3 5205 5208 5210
3 5202 5209 5226
1 5213
1 5213
3 5211 5212 5217
1 5216
1 5216
3 5214 5215 5217
3 5213 5216 5225
1 5220
1 5220
3 5218 5219 5224
1 5223
1 5223
3 5221 5222 5224
3 5220 5223 5225
3 5217 5224 5226
3 5210 5225 5227
3 5195 5226 5228
3 5164 5227 5229
3 5101 5228 5230
3 4974 5229 5231
3 4719 5230 6255
1 5234
1 5234
3 5232 5233 5238
1 5237
1 5237
3 5235 5236 5238
3 5234 5237 5246
1 5241
1 5241
3 5239 5240 5245
1 5244
1 5244
3 5242 5243 5245
3 5241 5244 5246
3 5238 5245 5262
1 5249
1 5249
3 5247 5248 5253
1 5252
1 5252
3 5250 5251 5253
3 5249 5252 5261
1 5256
1 5256
3 5254 5255 5260
1 5259
1 5259
3 5257 5258 5260
3 5256 5259 5261
3 5253 5260 5262
3 5246 5261 5294
1 5265
1 5265
3 5263 5264 5269
1 5268
1 5268
3 5266 5267 5269
3 5265 5268 5277
1 5272
1 5272
3 5270 5271 5276
1 5275
1 5275
3 5273 5274 5276
3 5272 5275 5277
3 5269 5276 5293
1 5280
1 5280
3 5278 5279 5284
1 5283
1 5283
3 5281 5282 5284
3 5280 5283 5292
1 5287
1 5287
3 5285 5286 5291
1 5290
1 5290
3 5288 5289 5291
3 5287 5290 5292
3 5284 5291 5293
3 5277 5292 5294
3 5262 5293 5358
1 5297
1 5297
3 5295 5296 5301
1 5300
1 5300
3 5298 5299 5301
3 5297 5300 5309
1 5304
1 5304
3 5302 5303 5308
1 5307
1 5307
3 5305 5306 5308
3 5304 5307 5309
3 5301 5308 5325
1 5312
1 5312
3 5310 5311 5316
1 5315
1 5315
3 5313 5314 5316
3 5312 5315 5324
1 5319
1 5319
3 5317 5318 5323
1 5322
1 5322
3 5320 5321 5323
3 5319 5322 5324
3 5316 5323 5325
3 5309 5324 5357
1 5328
1 5328
3 5326 5327 5332
1 5331
1 5331
3 5329 5330 5332
3 5328 5331 5340
1 5335
1 5335
3 5333 5334 5339
1 5338
1 5338
3 5336 5337 5339
3 5335 5338 5340
3 5332 5339 5356
1 5343
1 5343
3 5341 5342 5347
1 5346
1 5346
3 5344 5345 5347
3 5343 5346 5355
1 5350
1 5350
3 5348 5349 5354
1 5353
1 5353
3 5351 5352 5354
3 5350 5353 5355
3 5347 5354 5356
3 5340 5355 5357
3 5325 5356 5358
3 5294 5357 5486
1 5361
1 5361
3 5359 5360 5365
1 5364
1 5364
3 5362 5363 5365
3 5361 5364 5373
1 5368
1 5368
3 5366 5367 5372
1 5371
1 5371
3 5369 5370 5372
3 5368 5371 5373
3 5365 5372 5389
1 5376
1 5376
3 5374 5375 5380
1 5379
1 5379
3 5377 5378 5380
3 5376 5379 5388
1 5383
1 5383
3 5381 5382 5387
1 5386
1 5386
3 5384 5385 5387
3 5383 5386 5388
3 5380 5387 5389
3 5373 5388 5421
1 5392
1 5392
3 5390 5391 5396
1 5395
1 5395
3 5393 5394 5396
3 5392 5395 5404
1 5399
1 5399
3 5397 5398 5403
1 5402
1 5402
3 5400 5401 5403
3 5399 5402 5404
3 5396 5403 5420
1 5407
1 5407
3 5405 5406 5411
1 5410
1 5410
3 5408 5409 5411
3 5407 5410 5419
1 5414
1 5414
3 5412 5413 5418
1 5417
1 5417
3 5415 5416 5418
3 5414 5417 5419
3 5411 5418 5420
3 5404 5419 5421
3 5389 5420 5485
1 5424
1 5424
3 5422 5423 5428
1 5427
1 5427
3 5425 5426 5428
3 5424 5427 5436
1 5431
1 5431
3 5429 5430 5435
1 5434
1 5434
3 5432 5433 5435
3 5431 5434 5436
3 5428 5435 5452
1 5439
1 5439
3 5437 5438 5443
1 5442
1 5442
3 5440 5441 5443
3 5439 5442 5451
1 5446
1 5446
3 5444 5445 5450
1 5449
1 5449
3 5447 5448 5450
3 5446 5449 5451
3 5443 5450 5452
3 5436 5451 5484
1 5455
1 5455
3 5453 5454 5459
1 5458
1 5458
3 5456 5457 5459
3 5455 5458 5467
1 5462
1 5462
3 5460 5461 5466
1 5465
1 5465
3 5463 5464 5466
3 5462 5465 5467
3 5459 5466 5483
1 5470
1 5470
3 5468 5469 5474
1 5473
1 5473
3 5471 5472 5474
3 5470 5473 5482
1 5477
1 5477
3 5475 5476 5481
1 5480
1 5480
3 5478 5479 5481
3 5477 5480 5482
3 5474 5481 5483
3 5467 5482 5484
3 5452 5483 5485
3 5421 5484 5486
3 5358 5485 5742
1 5489
1 5489
3 5487 5488 5493
1 5492
1 5492
3 5490 5491 5493
3 5489 5492 5501
1 5496
1 5496
3 5494 5495 5500
1 5499
1 5499
3 5497 5498 5500
3 5496 5499 5501
3 5493 5500 5517
1 5504
1 5504
3 5502 5503 5508
1 5507
1 5507
3 5505 5506 5508
3 5504 5507 5516
1 5511
1 5511
3 5509 5510 5515
1 5514
1 5514
3 5512 5513 5515
3 5511 5514 5516
3 5508 5515 5517
3 5501 5516 5549
1 5520
1 5520
3 5518 5519 5524
1 5523
1 5523
3 5521 5522 5524
3 5520 5523 5532
1 5527
1 5527
3 5525 5526 5531
1 5530
1 5530
3 5528 5529 5531
3 5527 5530 5532
3 5524 5531 5548
1 5535
1 5535
3 5533 5534 5539
1 5538
1 5538
3 5536 5537 5539
3 5535 5538 5547
1 5542
1 5542
3 5540 5541 5546
1 5545
1 5545
3 5543 5544 5546
3 5542 5545 5547
3 5539 5546 5548
3 5532 5547 5549
3 5517 5548 5613
1 5552
1 5552
3 5550 5551 5556
1 5555
1 5555
3 5553 5554 5556
3 5552 5555 5564
1 5559
1 5559
3 5557 5558 5563
1 5562
1 5562
3 5560 5561 5563
3 5559 5562 5564
3 5556 5563 5580
1 5567
1 5567
3 5565 5566 5571
1 5570
1 5570
3 5568 5569 5571
3 5567 5570 5579
1 5574
1 5574
3 5572 5573 5578
1 5577
1 5577
3 5575 5576 5578
3 5574 5577 5579
3 5571 5578 5580
3 5564 5579 5612
1 5583
1 5583
3 5581 5582 5587
1 5586
1 5586
3 5584 5585 5587
3 5583 5586 5595
1 5590
1 5590
3 5588 5589 5594
1 5593
1 5593
3 5591 5592 5594
3 5590 5593 5595
3 5587 5594 5611
1 5598
1 5598
3 5596 5597 5602
1 5601
1 5601
3 5599 5600 5602
3 5598 5601 5610
1 5605
1 5605
3 5603 5604 5609
1 5608
1 5608
3 5606 5607 5609
3 5605 5608 5610
3 5602 5609 5611
3 5595 5610 5612
3 5580 5611 5613
3 5549 5612 5741
1 5616
1 5616
3 5614 5615 5620
1 5619
1 5619
3 5617 5618 5620
3 5616 5619 5628
1 5623
1 5623
3 5621 5622 5627
1 5626
1 5626
3 5624 5625 5627
3 5623 5626 5628
3 5620 5627 5644
1 5631
1 5631
3 5629 5630 5635
1 5634
1 5634
3 5632 5633 5635
3 5631 5634 5643
1 5638
1 5638
3 5636 5637 5642
1 5641
1 5641
3 5639 5640 5642
3 5638 5641 5643
3 5635 5642 5644
3 5628 5643 5676
1 5647
1 5647
3 5645 5646 5651
1 5650
1 5650
3 5648 5649 5651
3 5647 5650 5659
1 5654
1 5654
3 5652 5653 5658
1 5657
1 5657
3 5655 5656 5658
3 5654 5657 5659
3 5651 5658 5675
1 5662
1 5662
3 5660 5661 5666
1 5665
1 5665
3 5663 5664 5666
3 5662 5665 5674
1 5669
1 5669
3 5667 5668 5673
1 5672
1 5672
3 5670 5671 5673
3 5669 5672 5674
3 5666 5673 5675
3 5659 5674 5676
3 5644 5675 5740
1 5679
1 5679
3 5677 5678 5683
1 5682
1 5682
3 5680 5681 5683
3 5679 5682 5691
1 5686
1 5686
3 5684 5685 5690
1 5689
1 5689
3 5687 5688 5690
3 5686 5689 5691
3 5683 5690 5707
1 5694
1 5694
3 5692 5693 5698
1 5697
1 5697
3 5695 5696 5698
3 5694 5697 5706
1 5701
1 5701
3 5699 5700 5705
1 5704
1 5704
3 5702 5703 5705
3 5701 5704 5706
3 5698 5705 5707
3 5691 5706 5739
1 5710
1 5710
3 5708 5709 5714
1 5713
1 5713
3 5711 5712 5714
3 5710 5713 5722
1 5717
1 5717
3 5715 5716 5721
1 5720
1 5720
3 5718 5719 5721
3 5717 5720 5722
3 5714 5721 5738
1 5725
1 5725
3 5723 5724 5729
1 5728
1 5728
3 5726 5727 5729
3 5725 5728 5737
1 5732
1 5732
3 5730 5731 5736
1 5735
1 5735
3 5733 5734 5736
3 5732 5735 5737
3 5729 5736 5738
3 5722 5737 5739
3 5707 5738 5740
3 5676 5739 5741
3 5613 5740 5742
3 5486 5741 6254
1 5745
1 5745
3 5743 5744 5749
1 5748
1 5748
3 5746 5747 5749
3 5745 5748 5757
1 5752
1 5752
3 5750 5751 5756
1 5755
1 5755
3 5753 5754 5756
3 5752 5755 5757
3 5749 5756 5773
1 5760
1 5760
3 5758 5759 5764
1 5763
1 5763
3 5761 5762 5764
3 5760 5763 5772
1 5767
1 5767
3 5765 5766 5771
1 5770
1 5770
3 5768 5769 5771
3 5767 5770 5772
3 5764 5771 5773
3 5757 5772 5805
1 5776
1 5776
3 5774 5775 5780
1 5779
1 5779
3 5777 5778 5780
3 5776 5779 5788
1 5783
1 5783
3 5781 5782 5787
1 5786
1 5786
3 5784 5785 5787
3 5783 5786 5788
3 5780 5787 5804
1 5791
1 5791
3 5789 5790 5795
1 5794
1 5794
3 5792 5793 5795
3 5791 5794 5803
1 5798
1 5798
3 5796 5797 5802
1 5801
1 5801
3 5799 5800 5802
3 5798 5801 5803
3 5795 5802 5804
3 5788 5803 5805
3 5773 5804 5869
1 5808
1 5808
3 5806 5807 5812
1 5811
1 5811
3 5809 5810 5812
3 5808 5811 5820
1 5815
1 5815
3 5813 5814 5819
1 5818
1 5818
3 5816 5817 5819
3 5815 5818 5820
3 5812 5819 5836
1 5823
1 5823
3 5821 5822 5827
1 5826
1 5826
3 5824 5825 5827
3 5823 5826 5835
1 5830
1 5830
3 5828 5829 5834
1 5833
1 5833
3 5831 5832 5834
3 5830 5833 5835
3 5827 5834 5836
3 5820 5835 5868
1 5839
1 5839
3 5837 5838 5843
1 5842
1 5842
3 5840 5841 5843
3 5839 5842 5851
1 5846
1 5846
3 5844 5845 5850
1 5849
1 5849
3 5847 5848 5850
3 5846 5849 5851
3 5843 5850 5867
1 5854
1 5854
3 5852 5853 5858
1 5857
1 5857
3 5855 5856 5858
3 5854 5857 5866
1 5861
1 5861
3 5859 5860 5865
1 5864
1 5864
3 5862 5863 5865
3 5861 5864 5866
3 5858 5865 5867
3 5851 5866 5868
3 5836 5867 5869
3 5805 5868 5997
1 5872
1 5872
3 5870 5871 5876
1 5875
1 5875
3 5873 5874 5876
3 5872 5875 5884
1 5879
1 5879
3 5877 5878 5883
1 5882
1 5882
3 5880 5881 5883
3 5879 5882 5884
3 5876 5883 5900
1 5887
1 5887
3 5885 5886 5891
1 5890
1 5890
3 5888 5889 5891
3 5887 5890 5899
1 5894
1 5894
3 5892 5893 5898
1 5897
1 5897
3 5895 5896 5898
3 5894 5897 5899
3 5891 5898 5900
3 5884 5899 5932
1 5903
1 5903
3 5901 5902 5907
1 5906
1 5906
3 5904 5905 5907
3 5903 5906 5915
1 5910
1 5910
3 5908 5909 5914
1 5913
1 5913
3 5911 5912 5914
3 5910 5913 5915
3 5907 5914 5931
1 5918
1 5918
3 5916 5917 5922
1 5921
1 5921
3 5919 5920 5922
3 5918 5921 5930
1 5925
1 5925
3 5923 5924 5929
1 5928
1 5928
3 5926 5927 5929
3 5925 5928 5930
3 5922 5929 5931
3 5915 5930 5932
3 5900 5931 5996
1 5935
1 5935
3 5933 5934 5939
1 5938
1 5938
3 5936 5937 5939
3 5935 5938 5947
1 5942
1 5942
3 5940 5941 5946
1 5945
1 5945
3 5943 5944 5946
3 5942 5945 5947
3 5939 5946 5963
1 5950
1 5950
3 5948 5949 5954
1 5953
1 5953
3 5951 5952 5954
3 5950 5953 5962
1 5957
1 5957
3 5955 5956 5961
1 5960
1 5960
3 5958 5959 5961
3 5957 5960 5962
3 5954 5961 5963
3 5947 5962 5995
1 5966
1 5966
3 5964 5965 5970
1 5969
1 5969
3 5967 5968 5970
3 5966 5969 5978
1 5973
1 5973
3 5971 5972 5977
1 5976
1 5976
3 5974 5975 5977
3 5973 5976 5978
3 5970 5977 5994
1 5981
1 5981
3 5979 5980 5985
1 5984
1 5984
3 5982 5983 5985
3 5981 5984 5993
1 5988
1 5988
3 5986 5987 5992
1 5991
1 5991
3 5989 5990 5992
3 5988 5991 5993
3 5985 5992 5994
3 5978 5993 5995
3 5963 5994 5996
3 5932 5995 5997
3 5869 5996 6253
1 6000
1 6000
3 5998 5999 6004
1 6003
1 6003
3 6001 6002 6004
3 6000 6003 6012
1 6007
1 6007
3 6005 6006 6011
1 6010
1 6010
3 6008 6009 6011
3 6007 6010 6012
3 6004 6011 6028
1 6015
1 6015
3 6013 6014 6019
1 6018
1 6018
3 6016 6017 6019
3 6015 6018 6027
1 6022
1 6022
3 6020 6021 6026
1 6025
1 6025
3 6023 6024 6026
3 6022 6025 6027
3 6019 6026 6028
3 6012 6027 6060
1 6031
1 6031
3 6029 6030 6035
1 6034
1 6034
3 6032 6033 6035
3 6031 6034 6043
1 6038
1 6038
3 6036 6037 6042
1 6041
1 6041
3 6039 6040 6042
3 6038 6041 6043
3 6035 6042 6059
1 6046
1 6046
3 6044 6045 6050
1 6049
1 6049
3 6047 6048 6050
3 6046 6049 6058
1 6053
1 6053
3 6051 6052 6057
1 6056
1 6056
3 6054 6055 6057
3 6053 6056 6058
3 6050 6057 6059
3 6043 6058 6060
3 6028 6059 6124
1 6063
1 6063
3 6061 6062 6067
1 6066
1 6066
3 6064 6065 6067
3 6063 6066 6075
1 6070
1 6070
3 6068 6069 6074
1 6073
1 6073
3 6071 6072 6074
3 6070 6073 6075
3 6067 6074 6091
1 6078
1 6078
3 6076 6077 6082
1 6081
1 6081
3 6079 6080 6082
3 6078 6081 6090
1 6085
1 6085
3 6083 6084 6089
1 6088
1 6088
3 6086 6087 6089
3 6085 6088 6090
3 6082 6089 6091
3 6075 6090 6123
1 6094
1 6094
3 6092 6093 6098
1 6097
1 6097
3 6095 6096 6098
3 6094 6097 6106
1 6101
1 6101
3 6099 6100 6105
1 6104
1 6104
3 6102 6103 6105
3 6101 6104 6106
3 6098 6105 6122
1 6109
1 6109
3 6107 6108 6113
1 6112
1 6112
3 6110 6111 6113
3 6109 6112 6121
1 6116
1 6116
3 6114 6115 6120
1 6119
1 6119
3 6117 6118 6120
3 6116 6119 6121
3 6113 6120 6122
3 6106 6121 6123
3 6091 6122 6124
3 6060 6123 6252
1 6127
1 6127
3 6125 6126 6131
1 6130
1 6130
3 6128 6129 6131
3 6127 6130 6139
1 6134
1 6134
3 6132 6133 6138
1 6137
1 6137
3 6135 6136 6138
3 6134 6137 6139
3 6131 6138 6155
1 6142
1 6142
3 6140 6141 6146
1 6145
1 6145
3 6143 6144 6146
3 6142 6145 6154
1 6149
1 6149
3 6147 6148 6153
1 6152
1 6152
3 6150 6151 6153
3 6149 6152 6154
3 6146 6153 6155
3 6139 6154 6187
1 6158
1 6158
3 6156 6157 6162
1 6161
1 6161
3 6159 6160 6162
3 6158 6161 6170
1 6165
1 6165
3 6163 6164 6169
1 6168
1 6168
3 6166 6167 6169
3 6165 6168 6170
3 6162 6169 6186
1 6173
1 6173
3 6171 6172 6177
1 6176
1 6176
3 6174 6175 6177
3 6173 6176 6185
1 6180
1 6180
3 6178 6179 6184
1 6183
1 6183
3 6181 6182 6184
3 6180 6183 6185
3 6177 6184 6186
3 6170 6185 6187
3 6155 6186 6251
1 6190
1 6190
3 6188 6189 6194
1 6193
1 6193
3 6191 6192 6194
3 6190 6193 6202
1 6197
1 6197
3 6195 6196 6201
1 6200
1 6200
3 6198 6199 6201
3 6197 6200 6202
3 6194 6201 6218
1 6205
1 6205
3 6203 6204 6209
1 6208
1 6208
3 6206 6207 6209
3 6205 6208 6217
1 6212
1 6212
3 6210 6211 6216
1 6215
1 6215
3 6213 6214 6216
3 6212 6215 6217
3 6209 6216 6218
3 6202 6217 6250
1 6221
1 6221
3 6219 6220 6225
1 6224
1 6224
3 6222 6223 6225
3 6221 6224 6233
1 6228
1 6228
3 6226 6227 6232
1 6231
1 6231
3 6229 6230 6232
3 6228 6231 6233
3 6225 6232 6249
1 6236
1 6236
3 6234 6235 6240
1 6239
1 6239
3 6237 6238 6240
3 6236 6239 6248
1 6243
1 6243
3 6241 6242 6247
1 6246
1 6246
3 6244 6245 6247
3 6243 6246 6248
3 6240 6247 6249
3 6233 6248 6250
3 6218 6249 6251
3 6187 6250 6252
3 6124 6251 6253
3 5997 6252 6254
3 5742 6253 6255
3 5231 6254 8303
1 6258
1 6258
3 6256 6257 6262
1 6261
1 6261
3 6259 6260 6262
3 6258 6261 6270
1 6265
1 6265
3 6263 6264 6269
1 6268
1 6268
3 6266 6267 6269
3 6265 6268 6270
3 6262 6269 6286
1 6273
1 6273
3 6271 6272 6277
1 6276
1 6276
3 6274 6275 6277
3 6273 6276 6285
1 6280
1 6280
3 6278 6279 6284
1 6283
1 6283
3 6281 6282 6284
3 6280 6283 6285
3 6277 6284 6286
3 6270 6285 6318
1 6289
1 6289
3 6287 6288 6293
1 6292
1 6292
3 6290 6291 6293
3 6289 6292 6301
1 6296
1 6296
3 6294 6295 6300
1 6299
1 6299
3 6297 6298 6300
3 6296 6299 6301
3 6293 6300 6317
1 6304
1 6304
3 6302 6303 6308
1 6307
1 6307
3 6305 6306 6308
3 6304 6307 6316
1 6311
1 6311
3 6309 6310 6315
1 6314
1 6314
3 6312 6313 6315
3 6311 6314 6316
3 6308 6315 6317
3 6301 6316 6318
3 6286 6317 6382
1 6321
1 6321
3 6319 6320 6325
1 6324
1 6324
3 6322 6323 6325
3 6321 6324 6333
1 6328
1 6328
3 6326 6327 6332
1 6331
1 6331
3 6329 6330 6332
3 6328 6331 6333
3 6325 6332 6349
1 6336
1 6336
3 6334 6335 6340
1 6339
1 6339
3 6337 6338 6340
3 6336 6339 6348
1 6343
1 6343
3 6341 6342 6347
1 6346
1 6346
3 6344 6345 6347
3 6343 6346 6348
3 6340 6347 6349
3 6333 6348 6381
1 6352
1 6352
3 6350 6351 6356
1 6355
1 6355
3 6353 6354 6356
3 6352 6355 6364
1 6359
1 6359
3 6357 6358 6363
1 6362
1 6362
3 6360 6361 6363
3 6359 6362 6364
3 6356 6363 6380
1 6367
1 6367
3 6365 6366 6371
1 6370
1 6370
3 6368 6369 6371
3 6367 6370 6379
1 6374
1 6374
3 6372 6373 6378
1 6377
1 6377
3 6375 6376 6378
3 6374 6377 6379
3 6371 6378 6380
3 6364 6379 6381
3 6349 6380 6382
3 6318 6381 6510
1 6385
1 6385
3 6383 6384 6389
1 6388
1 6388
3 6386 6387 6389
3 6385 6388 6397
1 6392
1 6392
3 6390 6391 6396
1 6395
1 6395
3 6393 6394 6396
3 6392 6395 6397
3 6389 6396 6413
1 6400
1 6400
3 6398 6399 6404
1 6403
1 6403
3 6401 6402 6404
3 6400 6403 6412
1 6407
1 6407
3 6405 6406 6411
1 6410
1 6410
3 6408 6409 6411
3 6407 6410 6412
3 6404 6411 6413
3 6397 6412 6445
1 6416
1 6416
3 6414 6415 6420
1 6419
1 6419
3 6417 6418 6420
3 6416 6419 6428
1 6423
1 6423
3 6421 6422 6427
1 6426
1 6426
3 6424 6425 6427
3 6423 6426 6428
3 6420 6427 6444
1 6431
1 6431
3 6429 6430 6435
1 6434
1 6434
3 6432 6433 6435
3 6431 6434 6443
1 6438
1 6438
3 6436 6437 6442
1 6441
1 6441
3 6439 6440 6442
3 6438 6441 6443
3 6435 6442 6444
3 6428 6443 6445
3 6413 6444 6509
1 6448
1 6448
3 6446 6447 6452
1 6451
1 6451
3 6449 6450 6452
3 6448 6451 6460
1 6455
1 6455
3 6453 6454 6459
1 6458
1 6458
3 6456 6457 6459
3 6455 6458 6460
3 6452 6459 6476
1 6463
1 6463
3 6461 6462 6467
1 6466
1 6466
3 6464 6465 6467
3 6463 6466 6475
1 6470
1 6470
3 6468 6469 6474
1 6473
1 6473
3 6471 6472 6474
3 6470 6473 6475
3 6467 6474 6476
3 6460 6475 6508
1 6479
1 6479
3 6477 6478 6483
1 6482
1 6482
3 6480 6481 6483
3 6479 6482 6491
1 6486
1 6486
3 6484 6485 6490
1 6489
1 6489
3 6487 6488 6490
3 6486 6489 6491
3 6483 6490 6507
1 6494
1 6494
3 6492 6493 6498
1 6497
1 6497
3 6495 6496 6498
3 6494 6497 6506
1 6501
1 6501
3 6499 6500 6505
1 6504
1 6504
3 6502 6503 6505
3 6501 6504 6506
3 6498 6505 6507
3 6491 6506 6508
3 6476 6507 6509
3 6445 6508 6510
3 6382 6509 6766
1 6513
1 6513
3 6511 6512 6517
1 6516
1 6516
3 6514 6515 6517
3 6513 6516 6525
1 6520
1 6520
3 6518 6519 6524
1 6523
1 6523
3 6521 6522 6524
3 6520 6523 6525
3 6517 6524 6541
1 6528
1 6528
3 6526 6527 6532
1 6531
1 6531
3 6529 6530 6532
3 6528 6531 6540
1 6535
1 6535
3 6533 6534 6539
1 6538
1 6538
3 6536 6537 6539
3 6535 6538 6540
3 6532 6539 6541
3 6525 6540 6573
1 6544
1 6544
3 6542 6543 6548
1 6547
1 6547
3 6545 6546 6548
3 6544 6547 6556
1 6551
1 6551
3 6549 6550 6555
1 6554
1 6554
3 6552 6553 6555
3 6551 6554 6556
3 6548 6555 6572
1 6559
1 6559
3 6557 6558 6563
1 6562
1 6562
3 6560 6561 6563
3 6559 6562 6571
1 6566
1 6566
3 6564 6565 6570
1 6569
1 6569
3 6567 6568 6570
3 6566 6569 6571
3 6563 6570 6572
3 6556 6571 6573
3 6541 6572 6637
1 6576
1 6576
3 6574 6575 6580
1 6579
1 6579
3 6577 6578 6580
3 6576 6579 6588
1 6583
1 6583
3 6581 6582 6587
1 6586
1 6586
3 6584 6585 6587
3 6583 6586 6588
3 6580 6587 6604
1 6591
1 6591
3 6589 6590 6595
1 6594
1 6594
3 6592 6593 6595
3 6591 6594 6603
1 6598
1 6598
3 6596 6597 6602
1 6601
1 6601
3 6599 6600 6602
3 6598 6601 6603
3 6595 6602 6604
3 6588 6603 6636
1 6607
1 6607
3 6605 6606 6611
1 6610
1 6610
3 6608 6609 6611
3 6607 6610 6619
1 6614
1 6614
3 6612 6613 6618
1 6617
1 6617
3 6615 6616 6618
3 6614 6617 6619
3 6611 6618 6635
1 6622
1 6622
3 6620 6621 6626
1 6625
1 6625
3 6623 6624 6626
3 6622 6625 6634
1 6629
1 6629
3 6627 6628 6633
1 6632
1 6632
3 6630 6631 6633
3 6629 6632 6634
3 6626 6633 6635
3 6619 6634 6636
3 6604 6635 6637
3 6573 6636 6765
1 6640
1 6640
3 6638 6639 6644
1 6643
1 6643
3 6641 6642 6644
3 6640 6643 6652
1 6647
1 6647
3 6645 6646 6651
1 6650
1 6650
3 6648 6649 6651
3 6647 6650 6652
3 6644 6651 6668
1 6655
1 6655
3 6653 6654 6659
1 6658
1 6658
3 6656 6657 6659
3 6655 6658 6667
1 6662
1 6662
3 6660 6661 6666
1 6665
1 6665
3 6663 6664 6666
3 6662 6665 6667
3 6659 6666 6668
3 6652 6667 6700
1 6671
1 6671
3 6669 6670 6675
1 6674
1 6674
3 6672 6673 6675
3 6671 6674 6683
1 6678
1 6678
3 6676 6677 6682
1 6681
1 6681
3 6679 6680 6682
3 6678 6681 6683
3 6675 6682 6699
1 6686
1 6686
3 6684 6685 6690
1 6689
1 6689
3 6687 6688 6690
3 6686 6689 6698
1 6693
1 6693
3 6691 6692 6697
1 6696
1 6696
3 6694 6695 6697
3 6693 6696 6698
3 6690 6697 6699
3 6683 6698 6700
3 6668 6699 6764
1 6703
1 6703
3 6701 6702 6707
1 6706
1 6706
3 6704 6705 6707
3 6703 6706 6715
1 6710
1 6710
3 6708 6709 6714
1 6713
1 6713
3 6711 6712 6714
3 6710 6713 6715
3 6707 6714 6731
1 6718
1 6718
3 6716 6717 6722
1 6721
1 6721
3 6719 6720 6722
3 6718 6721 6730
1 6725
1 6725
3 6723 6724 6729
1 6728
1 6728
3 6726 6727 6729
3 6725 6728 6730
3 6722 6729 6731
3 6715 6730 6763
1 6734
1 6734
3 6732 6733 6738
1 6737
1 6737
3 6735 6736 6738
3 6734 6737 6746
1 6741
1 6741
3 6739 6740 6745
1 6744
1 6744
3 6742 6743 6745
3 6741 6744 6746
3 6738 6745 6762
1 6749
1 6749
3 6747 6748 6753
1 6752
1 6752
3 6750 6751 6753
3 6749 6752 6761
1 6756
1 6756
3 6754 6755 6760
1 6759
1 6759
3 6757 6758 6760
3 6756 6759 6761
3 6753 6760 6762
3 6746 6761 6763
3 6731 6762 6764
3 6700 6763 6765
3 6637 6764 6766
3 6510 6765 7278
1 6769
1 6769
3 6767 6768 6773
1 6772
1 6772
3 6770 6771 6773
3 6769 6772 6781
1 6776
1 6776
3 6774 6775 6780
1 6779
1 6779
3 6777 6778 6780
3 6776 6779 6781
3 6773 6780 6797
1 6784
1 6784
3 6782 6783 6788
1 6787
1 6787
3 6785 6786 6788
3 6784 6787 6796
1 6791
1 6791
3 6789 6790 6795
1 6794
1 6794
3 6792 6793 6795
3 6791 6794 6796
3 6788 6795 6797
3 6781 6796 6829
1 6800
1 6800
3 6798 6799 6804
1 6803
1 6803
3 6801 6802 6804
3 6800 6803 6812
1 6807
1 6807
3 6805 6806 6811
1 6810
1 6810
3 6808 6809 6811
3 6807 6810 6812
3 6804 6811 6828
1 6815
1 6815
3 6813 6814 6819
1 6818
1 6818
3 6816 6817 6819
3 6815 6818 6827
1 6822
1 6822
3 6820 6821 6826
1 6825
1 6825
3 6823 6824 6826
3 6822 6825 6827
3 6819 6826 6828
3 6812 6827 6829
3 6797 6828 6893
1 6832
1 6832
3 6830 6831 6836
1 6835
1 6835
3 6833 6834 6836
3 6832 6835 6844
1 6839
1 6839
3 6837 6838 6843
1 6842
1 6842
3 6840 6841 6843
3 6839 6842 6844
3 6836 6843 6860
1 6847
1 6847
3 6845 6846 6851
1 6850
1 6850
3 6848 6849 6851
3 6847 6850 6859
1 6854
1 6854
3 6852 6853 6858
1 6857
1 6857
3 6855 6856 6858
3 6854 6857 6859
3 6851 6858 6860
3 6844 6859 6892
1 6863
1 6863
3 6861 6862 6867
1 6866
1 6866
3 6864 6865 6867
3 6863 6866 6875
1 6870
1 6870
3 6868 6869 6874
1 6873
1 6873
3 6871 6872 6874
3 6870 6873 6875
3 6867 6874 6891
1 6878
1 6878
3 6876 6877 6882
1 6881
1 6881
3 6879 6880 6882
3 6878 6881 6890
1 6885
1 6885
3 6883 6884 6889
1 6888
1 6888
3 6886 6887 6889
3 6885 6888 6890
3 6882 6889 6891
3 6875 6890 6892
3 6860 6891 6893
3 6829 6892 7021
1 6896
1 6896
3 6894 6895 6900
1 6899
1 6899
3 6897 6898 6900
3 6896 6899 6908
1 6903
1 6903
3 6901 6902 6907
1 6906
1 6906
3 6904 6905 6907
3 6903 6906 6908
3 6900 6907 6924
1 6911
1 6911
3 6909 6910 6915
1 6914
1 6914
3 6912 6913 6915
3 6911 6914 6923
1 6918
1 6918
3 6916 6917 6922
1 6921
1 6921
3 6919 6920 6922
3 6918 6921 6923
3 6915 6922 6924
3 6908 6923 6956
1 6927
1 6927
3 6925 6926 6931
1 6930
1 6930
3 6928 6929 6931
3 6927 6930 6939
1 6934
1 6934
3 6932 6933 6938
1 6937
1 6937
3 6935 6936 6938
3 6934 6937 6939
3 6931 6938 6955
1 6942
1 6942
3 6940 6941 6946
1 6945
1 6945
3 6943 6944 6946
3 6942 6945 6954
1 6949
1 6949
3 6947 6948 6953
1 6952
1 6952
3 6950 6951 6953
3 6949 6952 6954
3 6946 6953 6955
3 6939 6954 6956
3 6924 6955 7020
1 6959
1 6959
3 6957 6958 6963
1 6962
1 6962
3 6960 6961 6963
3 6959 6962 6971
1 6966
1 6966
3 6964 6965 6970
1 6969
1 6969
3 6967 6968 6970
3 6966 6969 6971
3 6963 6970 6987
1 6974
1 6974
3 6972 6973 6978
1 6977
1 6977
3 6975 6976 6978
3 6974 6977 6986
1 6981
1 6981
3 6979 6980 6985
1 6984
1 6984
3 6982 6983 6985
3 6981 6984 6986
3 6978 6985 6987
3 6971 6986 7019
1 6990
1 6990
3 6988 6989 6994
1 6993
1 6993
3 6991 6992 6994
3 6990 6993 7002
1 6997
1 6997
3 6995 6996 7001
1 7000
1 7000
3 6998 6999 7001
3 6997 7000 7002
3 6994 7001 7018
1 7005
1 7005
3 7003 7004 7009
1 7008
1 7008
3 7006 7007 7009
3 7005 7008 7017
1 7012
1 7012
3 7010 7011 7016
1 7015
1 7015
3 7013 7014 7016
3 7012 7015 7017
3 7009 7016 7018
3 7002 7017 7019
3 6987 7018 7020
3 6956 7019 7021
3 6893 7020 7277
1 7024
1 7024
3 7022 7023 7028
1 7027
1 7027
3 7025 7026 7028
3 7024 7027 7036
1 7031
1 7031
3 7029 7030 7035
1 7034
1 7034
3 7032 7033 7035
3 7031 7034 7036
3 7028 7035 7052
1 7039
1 7039
3 7037 7038 7043
1 7042
1 7042
3 7040 7041 7043
3 7039 7042 7051
1 7046
1 7046
3 7044 7045 7050
1 7049
1 7049
3 7047 7048 7050
3 7046 7049 7051
3 7043 7050 7052
3 7036 7051 7084
1 7055
1 7055
3 7053 7054 7059
1 7058
1 7058
3 7056 7057 7059
3 7055 7058 7067
1 7062
1 7062
3 7060 7061 7066
1 7065
1 7065
3 7063 7064 7066
3 7062 7065 7067
3 7059 7066 7083
1 7070
1 7070
3 7068 7069 7074
1 7073
1 7073
3 7071 7072 7074
3 7070 7073 7082
1 7077
1 7077
3 7075 7076 7081
1 7080
1 7080
3 7078 7079 7081
3 7077 7080 7082
3 7074 7081 7083
3 7067 7082 7084
3 7052 7083 7148
1 7087
1 7087
3 7085 7086 7091
1 7090
1 7090
3 7088 7089 7091
3 7087 7090 7099
1 7094
1 7094
3 7092 7093 7098
1 7097
1 7097
3 7095 7096 7098
3 7094 7097 7099
3 7091 7098 7115
1 7102
1 7102
3 7100 7101 7106
1 7105
1 7105
3 7103 7104 7106
3 7102 7105 7114
1 7109
1 7109
3 7107 7108 7113
1 7112
1 7112
3 7110 7111 7113
3 7109 7112 7114
3 7106 7113 7115
3 7099 7114 7147
1 7118
1 7118
3 7116 7117 7122
1 7121
1 7121
3 7119 7120 7122
3 7118 7121 7130
1 7125
1 7125
3 7123 7124 7129
1 7128
1 7128
3 7126 7127 7129
3 7125 7128 7130
3 7122 7129 7146
1 7133
1 7133
3 7131 7132 7137
1 7136
1 7136
3 7134 7135 7137
3 7133 7136 7145
1 7140
1 7140
3 7138 7139 7144
1 7143
1 7143
3 7141 7142 7144
3 7140 7143 7145
3 7137 7144 7146
3 7130 7145 7147
3 7115 7146 7148
3 7084 7147 7276
1 7151
1 7151
3 7149 7150 7155
1 7154
1 7154
3 7152 7153 7155
3 7151 7154 7163
1 7158
1 7158
3 7156 7157 7162
1 7161
1 7161
3 7159 7160 7162
3 7158 7161 7163
3 7155 7162 7179
1 7166
1 7166
3 7164 7165 7170
1 7169
1 7169
3 7167 7168 7170
3 7166 7169 7178
1 7173
1 7173
3 7171 7172 7177
1 7176
1 7176
3 7174 7175 7177
3 7173 7176 7178
3 7170 7177 7179
3 7163 7178 7211
1 7182
1 7182
3 7180 7181 7186
1 7185
1 7185
3 7183 7184 7186
3 7182 7185 7194
1 7189
1 7189
3 7187 7188 7193
1 7192
1 7192
3 7190 7191 7193
3 7189 7192 7194
3 7186 7193 7210
1 7197
1 7197
3 7195 7196 7201
1 7200
1 7200
3 7198 7199 7201
3 7197 7200 7209
1 7204
1 7204
3 7202 7203 7208
1 7207
1 7207
3 7205 7206 7208
3 7204 7207 7209
3 7201 7208 7210
3 7194 7209 7211
3 7179 7210 7275
1 7214
1 7214
3 7212 7213 7218
1 7217
1 7217
3 7215 7216 7218
3 7214 7217 7226
1 7221
1 7221
3 7219 7220 7225
1 7224
1 7224
3 7222 7223 7225
3 7221 7224 7226
3 7218 7225 7242
1 7229
1 7229
3 7227 7228 7233
1 7232
1 7232
3 7230 7231 7233
3 7229 7232 7241
1 7236
1 7236
3 7234 7235 7240
1 7239
1 7239
3 7237 7238 7240
3 7236 7239 7241
3 7233 7240 7242
3 7226 7241 7274
1 7245
1 7245
3 7243 7244 7249
1 7248
1 7248
3 7246 7247 7249
3 7245 7248 7257
1 7252
1 7252
3 7250 7251 7256
1 7255
1 7255
3 7253 7254 7256
3 7252 7255 7257
3 7249 7256 7273
1 7260
1 7260
3 7258 7259 7264
1 7263
1 7263
3 7261 7262 7264
3 7260 7263 7272
1 7267
1 7267
3 7265 7266 7271
1 7270
1 7270
3 7268 7269 7271
3 7267 7270 7272
3 7264 7271 7273
3 7257 7272 7274
3 7242 7273 7275
3 7211 7274 7276
3 7148 7275 7277
3 7021 7276 7278
3 6766 7277 8302
1 7281
1 7281
3 7279 7280 7285
1 7284
1 7284
3 7282 7283 7285
3 7281 7284 7293
1 7288
1 7288
3 7286 7287 7292
1 7291
1 7291
3 7289 7290 7292
3 7288 7291 7293
3 7285 7292 7309
1 7296
1 7296
3 7294 7295 7300
1 7299
1 7299
3 7297 7298 7300
3 7296 7299 7308
1 7303
1 7303
3 7301 7302 7307
1 7306
1 7306
3 7304 7305 7307
3 7303 7306 7308
3 7300 7307 7309
3 7293 7308 7341
1 7312
1 7312
3 7310 7311 7316
1 7315
1 7315
3 7313 7314 7316
3 7312 7315 7324
1 7319
1 7319
3 7317 7318 7323
1 7322
1 7322
3 7320 7321 7323
3 7319 7322 7324
3 7316 7323 7340
1 7327
1 7327
3 7325 7326 7331
1 7330
1 7330
3 7328 7329 7331
3 7327 7330 7339
1 7334
1 7334
3 7332 7333 7338
1 7337
1 7337
3 7335 7336 7338
3 7334 7337 7339
3 7331 7338 7340
3 7324 7339 7341
3 7309 7340 7405
1 7344
1 7344
3 7342 7343 7348
1 7347
1 7347
3 7345 7346 7348
3 7344 7347 7356
1 7351
1 7351
3 7349 7350 7355
1 7354
1 7354
3 7352 7353 7355
3 7351 7354 7356
3 7348 7355 7372
1 7359
1 7359
3 7357 7358 7363
1 7362
1 7362
3 7360 7361 7363
3 7359 7362 7371
1 7366
1 7366
3 7364 7365 7370
1 7369
1 7369
3 7367 7368 7370
3 7366 7369 7371
3 7363 7370 7372
3 7356 7371 7404
1 7375
1 7375
3 7373 7374 7379
1 7378
1 7378
3 7376 7377 7379
3 7375 7378 7387
1 7382
1 7382
3 7380 7381 7386
1 7385
1 7385
3 7383 7384 7386
3 7382 7385 7387
3 7379 7386 7403
1 7390
1 7390
3 7388 7389 7394
1 7393
1 7393
3 7391 7392 7394
3 7390 7393 7402
1 7397
1 7397
3 7395 7396 7401
1 7400
1 7400
3 7398 7399 7401
3 7397 7400 7402
3 7394 7401 7403
3 7387 7402 7404
3 7372 7403 7405
3 7341 7404 7533
1 7408
1 7408
3 7406 7407 7412
1 7411
1 7411
3 7409 7410 7412
3 7408 7411 7420
1 7415
1 7415
3 7413 7414 7419
1 7418
1 7418
3 7416 7417 7419
3 7415 7418 7420
3 7412 7419 7436
1 7423
1 7423
3 7421 7422 7427
1 7426
1 7426
3 7424 7425 7427
3 7423 7426 7435
1 7430
1 7430
3 7428 7429 7434
1 7433
1 7433
3 7431 7432 7434
3 7430 7433 7435
3 7427 7434 7436
3 7420 7435 7468
1 7439
1 7439
3 7437 7438 7443
1 7442
1 7442
3 7440 7441 7443
3 7439 7442 7451
1 7446
1 7446
3 7444 7445 7450
1 7449
1 7449
3 7447 7448 7450
3 7446 7449 7451
3 7443 7450 7467
1 7454
1 7454
3 7452 7453 7458
1 7457
1 7457
3 7455 7456 7458
3 7454 7457 7466
1 7461
1 7461
3 7459 7460 7465
1 7464
1 7464
3 7462 7463 7465
3 7461 7464 7466
3 7458 7465 7467
3 7451 7466 7468
3 7436 7467 7532
1 7471
1 7471
3 7469 7470 7475
1 7474
1 7474
3 7472 7473 7475
3 7471 7474 7483
1 7478
1 7478
3 7476 7477 7482
1 7481
1 7481
3 7479 7480 7482
3 7478 7481 7483
3 7475 7482 7499
1 7486
1 7486
3 7484 7485 7490
1 7489
1 7489
3 7487 7488 7490
3 7486 7489 7498
1 7493
1 7493
3 7491 7492 7497
1 7496
1 7496
3 7494 7495 7497
3 7493 7496 7498
3 7490 7497 7499
3 7483 7498 7531
1 7502
1 7502
3 7500 7501 7506
1 7505
1 7505
3 7503 7504 7506
3 7502 7505 7514
1 7509
1 7509
3 7507 7508 7513
1 7512
1 7512
3 7510 7511 7513
3 7509 7512 7514
3 7506 7513 7530
1 7517
1 7517
3 7515 7516 7521
1 7520
1 7520
3 7518 7519 7521
3 7517 7520 7529
1 7524
1 7524
3 7522 7523 7528
1 7527
1 7527
3 7525 7526 7528
3 7524 7527 7529
3 7521 7528 7530
3 7514 7529 7531
3 7499 7530 7532
3 7468 7531 7533
3 7405 7532 7789
1 7536
1 7536
3 7534 7535 7540
1 7539
1 7539
3 7537 7538 7540
3 7536 7539 7548
1 7543
1 7543
3 7541 7542 7547
1 7546
1 7546
3 7544 7545 7547
3 7543 7546 7548
3 7540 7547 7564
1 7551
1 7551
3 7549 7550 7555
1 7554
1 7554
3 7552 7553 7555
3 7551 7554 7563
1 7558
1 7558
3 7556 7557 7562
1 7561
1 7561
3 7559 7560 7562
3 7558 7561 7563
3 7555 7562 7564
3 7548 7563 7596
1 7567
1 7567
3 7565 7566 7571
1 7570
1 7570
3 7568 7569 7571
3 7567 7570 7579
1 7574
1 7574
3 7572 7573 7578
1 7577
1 7577
3 7575 7576 7578
3 7574 7577 7579
3 7571 7578 7595
1 7582
1 7582
3 7580 7581 7586
1 7585
1 7585
3 7583 7584 7586
3 7582 7585 7594
1 7589
1 7589
3 7587 7588 7593
1 7592
1 7592
3 7590 7591 7593
3 7589 7592 7594
3 7586 7593 7595
3 7579 7594 7596
3 7564 7595 7660
1 7599
1 7599
3 7597 7598 7603
1 7602
1 7602
3 7600 7601 7603
3 7599 7602 7611
1 7606
1 7606
3 7604 7605 7610
1 7609
1 7609
3 7607 7608 7610
3 7606 7609 7611
3 7603 7610 7627
1 7614
1 7614
3 7612 7613 7618
1 7617
1 7617
3 7615 7616 7618
3 7614 7617 7626
1 7621
1 7621
3 7619 7620 7625
1 7624
1 7624
3 7622 7623 7625
3 7621 7624 7626
3 7618 7625 7627
3 7611 7626 7659
1 7630
1 7630
3 7628 7629 7634
1 7633
1 7633
3 7631 7632 7634
3 7630 7633 7642
1 7637
1 7637
3 7635 7636 7641
1 7640
1 7640
3 7638 7639 7641
3 7637 7640 7642
3 7634 7641 7658
1 7645
1 7645
3 7643 7644 7649
1 7648
1 7648
3 7646 7647 7649
3 7645 7648 7657
1 7652
1 7652
3 7650 7651 7656
1 7655
1 7655
3 7653 7654 7656
3 7652 7655 7657
3 7649 7656 7658
3 7642 7657 7659
3 7627 7658 7660
3 7596 7659 7788
1 7663
1 7663
3 7661 7662 7667
1 7666
1 7666
3 7664 7665 7667
3 7663 7666 7675
1 7670
1 7670
3 7668 7669 7674
1 7673
1 7673
3 7671 7672 7674
3 7670 7673 7675
3 7667 7674 7691
1 7678
1 7678
3 7676 7677 7682
1 7681
1 7681
3 7679 7680 7682
3 7678 7681 7690
1 7685
1 7685
3 7683 7684 7689
1 7688
1 7688
3 7686 7687 7689
3 7685 7688 7690
3 7682 7689 7691
3 7675 7690 7723
1 7694
1 7694
3 7692 7693 7698
1 7697
1 7697
3 7695 7696 7698
3 7694 7697 7706
1 7701
1 7701
3 7699 7700 7705
1 7704
1 7704
3 7702 7703 7705
3 7701 7704 7706
3 7698 7705 7722
1 7709
1 7709
3 7707 7708 7713
1 7712
1 7712
3 7710 7711 7713
3 7709 7712 7721
1 7716
1 7716
3 7714 7715 7720
1 7719
1 7719
3 7717 7718 7720
3 7716 7719 7721
3 7713 7720 7722
3 7706 7721 7723
3 7691 7722 7787
1 7726
1 7726
3 7724 7725 7730
1 7729
1 7729
3 7727 7728 7730
3 7726 7729 7738
1 7733
1 7733
3 7731 7732 7737
1 7736
1 7736
3 7734 7735 7737
3 7733 7736 7738
3 7730 7737 7754
1 7741
1 7741
3 7739 7740 7745
1 7744
1 7744
3 7742 7743 7745
3 7741 7744 7753
1 7748
1 7748
3 7746 7747 7752
1 7751
1 7751
3 7749 7750 7752
3 7748 7751 7753
3 7745 7752 7754
3 7738 7753 7786
1 7757
1 7757
3 7755 7756 7761
1 7760
1 7760
3 7758 7759 7761
3 7757 7760 7769
1 7764
1 7764
3 7762 7763 7768
1 7767
1 7767
3 7765 7766 7768
3 7764 7767 7769
3 7761 7768 7785
1 7772
1 7772
3 7770 7771 7776
1 7775
1 7775
3 7773 7774 7776
3 7772 7775 7784
1 7779
1 7779
3 7777 7778 7783
1 7782
1 7782
3 7780 7781 7783
3 7779 7782 7784
3 7776 7783 7785
3 7769 7784 7786
3 7754 7785 7787
3 7723 7786 7788
3 7660 7787 7789
3 7533 7788 8301
1 7792
1 7792
3 7790 7791 7796
1 7795
1 7795
3 7793 7794 7796
3 7792 7795 7804
1 7799
1 7799
3 7797 7798 7803
1 7802
1 7802
3 7800 7801 7803
3 7799 7802 7804
3 7796 7803 7820
1 7807
1 7807
3 7805 7806 7811
1 7810
1 7810
3 7808 7809 7811
3 7807 7810 7819
1 7814
1 7814
3 7812 7813 7818
1 7817
1 7817
3 7815 7816 7818
3 7814 7817 7819
3 7811 7818 7820
3 7804 7819 7852
1 7823
1 7823
3 7821 7822 7827
1 7826
1 7826
3 7824 7825 7827
3 7823 7826 7835
1 7830
1 7830
3 7828 7829 7834
1 7833
1 7833
3 7831 7832 7834
3 7830 7833 7835
3 7827 7834 7851
1 7838
1 7838
3 7836 7837 7842
1 7841
1 7841
3 7839 7840 7842
3 7838 7841 7850
1 7845
1 7845
3 7843 7844 7849
1 7848
1 7848
3 7846 7847 7849
3 7845 7848 7850
3 7842 7849 7851
3 7835 7850 7852
3 7820 7851 7916
1 7855
1 7855
3 7853 7854 7859
1 7858
1 7858
3 7856 7857 7859
3 7855 7858 7867
1 7862
1 7862
3 7860 7861 7866
1 7865
1 7865
3 7863 7864 7866
3 7862 7865 7867
3 7859 7866 7883
1 7870
1 7870
3 7868 7869 7874
1 7873
1 7873
3 7871 7872 7874
3 7870 7873 7882
1 7877
1 7877
3 7875 7876 7881
1 7880
1 7880
3 7878 7879 7881
3 7877 7880 7882
3 7874 7881 7883
3 7867 7882 7915
1 7886
1 7886
3 7884 7885 7890
1 7889
1 7889
3 7887 7888 7890
3 7886 7889 7898
1 7893
1 7893
3 7891 7892 7897
1 7896
1 7896
3 7894 7895 7897
3 7893 7896 7898
3 7890 7897 7914
1 7901
1 7901
3 7899 7900 7905
1 7904
1 7904
3 7902 7903 7905
3 7901 7904 7913
1 7908
1 7908
3 7906 7907 7912
1 7911
1 7911
3 7909 7910 7912
3 7908 7911 7913
3 7905 7912 7914
3 7898 7913 7915
3 7883 7914 7916
3 7852 7915 8044
1 7919
1 7919
3 7917 7918 7923
1 7922
1 7922
3 7920 7921 7923
3 7919 7922 7931
1 7926
1 7926
3 7924 7925 7930
1 7929
1 7929
3 7927 7928 7930
3 7926 7929 7931
3 7923 7930 7947
1 7934
1 7934
3 7932 7933 7938
1 7937
1 7937
3 7935 7936 7938
3 7934 7937 7946
1 7941
1 7941
3 7939 7940 7945
1 7944
1 7944
3 7942 7943 7945
3 7941 7944 7946
3 7938 7945 7947
3 7931 7946 7979
1 7950
1 7950
3 7948 7949 7954
1 7953
1 7953
3 7951 7952 7954
3 7950 7953 7962
1 7957
1 7957
3 7955 7956 7961
1 7960
1 7960
3 7958 7959 7961
3 7957 7960 7962
3 7954 7961 7978
1 7965
1 7965
3 7963 7964 7969
1 7968
1 7968
3 7966 7967 7969
3 7965 7968 7977
1 7972
1 7972
3 7970 7971 7976
1 7975
1 7975
3 7973 7974 7976
3 7972 7975 7977
3 7969 7976 7978
3 7962 7977 7979
3 7947 7978 8043
1 7982
1 7982
3 7980 7981 7986
1 7985
1 7985
3 7983 7984 7986
3 7982 7985 7994
1 7989
1 7989
3 7987 7988 7993
1 7992
1 7992
3 7990 7991 7993
3 7989 7992 7994
3 7986 7993 8010
1 7997
1 7997
3 7995 7996 8001
1 8000
1 8000
3 7998 7999 8001
3 7997 8000 8009
1 8004
1 8004
3 8002 8003 8008
1 8007
1 8007
3 8005 8006 8008
3 8004 8007 8009
3 8001 8008 8010
3 7994 8009 8042
1 8013
1 8013
3 8011 8012 8017
1 8016
1 8016
3 8014 8015 8017
3 8013 8016 8025
1 8020
1 8020
3 8018 8019 8024
1 8023
1 8023
3 8021 8022 8024
3 8020 8023 8025
3 8017 8024 8041
1 8028
1 8028
3 8026 8027 8032
1 8031
1 8031
3 8029 8030 8032
3 8028 8031 8040
1 8035
1 8035
3 8033 8034 8039
1 8038
1 8038
3 8036 8037 8039
3 8035 8038 8040
3 8032 8039 8041
3 8025 8040 8042
3 8010 8041 8043
3 7979 8042 8044
3 7916 8043 8300
1 8047
1 8047
3 8045 8046 8051
1 8050
1 8050
3 8048 8049 8051
3 8047 8050 8059
1 8054
1 8054
3 8052 8053 8058
1 8057
1 8057
3 8055 8056 8058
3 8054 8057 8059
3 8051 8058 8075
1 8062
1 8062
3 8060 8061 8066
1 8065
1 8065
3 8063 8064 8066
3 8062 8065 8074
1 8069
1 8069
3 8067 8068 8073
1 8072
1 8072
3 8070 8071 8073
3 8069 8072 8074
3 8066 8073 8075
3 8059 8074 8107
1 8078
1 8078
3 8076 8077 8082
1 8081
1 8081
3 8079 8080 8082
3 8078 8081 8090
1 8085
1 8085
3 8083 8084 8089
1 8088
1 8088
3 8086 8087 8089
3 8085 8088 8090
3 8082 8089 8106
1 8093
1 8093
3 8091 8092 8097
1 8096
1 8096
3 8094 8095 8097
3 8093 8096 8105
1 8100
1 8100
3 8098 8099 8104
1 8103
1 8103
3 8101 8102 8104
3 8100 8103 8105
3 8097 8104 8106
3 8090 8105 8107
3 8075 8106 8171
1 8110
1 8110
3 8108 8109 8114
1 8113
1 8113
3 8111 8112 8114
3 8110 8113 8122
1 8117
1 8117
3 8115 8116 8121
1 8120
1 8120
3 8118 8119 8121
3 8117 8120 8122
3 8114 8121 8138
1 8125
1 8125
3 8123 8124 8129
1 8128
1 8128
3 8126 8127 8129
3 8125 8128 8137
1 8132
1 8132
3 8130 8131 8136
1 8135
1 8135
3 8133 8134 8136
3 8132 8135 8137
3 8129 8136 8138
3 8122 8137 8170
1 8141
1 8141
3 8139 8140 8145
1 8144
1 8144
3 8142 8143 8145
3 8141 8144 8153
1 8148
1 8148
3 8146 8147 8152
1 8151
1 8151
3 8149 8150 8152
3 8148 8151 8153
3 8145 8152 8169
1 8156
1 8156
3 8154 8155 8160
1 8159
1 8159
3 8157 8158 8160
3 8156 8159 8168
1 8163
1 8163
3 8161 8162 8167
1 8166
1 8166
3 8164 8165 8167
3 8163 8166 8168
3 8160 8167 8169
3 8153 8168 8170
3 8138 8169 8171
3 8107 8170 8299
1 8174
1 8174
3 8172 8173 8178
1 8177
1 8177
3 8175 8176 8178
3 8174 8177 8186
1 8181
1 8181
3 8179 8180 8185
1 8184
1 8184
3 8182 8183 8185
3 8181 8184 8186
3 8178 8185 8202
1 8189
1 8189
3 8187 8188 8193
1 8192
1 8192
3 8190 8191 8193
3 8189 8192 8201
1 8196
1 8196
3 8194 8195 8200
1 8199
1 8199
3 8197 8198 8200
3 8196 8199 8201
3 8193 8200 8202
3 8186 8201 8234
1 8205
1 8205
3 8203 8204 8209
1 8208
1 8208
3 8206 8207 8209
3 8205 8208 8217
1 8212
1 8212
3 8210 8211 8216
1 8215
1 8215
3 8213 8214 8216
3 8212 8215 8217
3 8209 8216 8233
1 8220
1 8220
3 8218 8219 8224
1 8223
1 8223
3 8221 8222 8224
3 8220 8223 8232
1 8227
1 8227
3 8225 8226 8231
1 8230
1 8230
3 8228 8229 8231
3 8227 8230 8232
3 8224 8231 8233
3 8217 8232 8234
3 8202 8233 8298
1 8237
1 8237
3 8235 8236 8241
1 8240
1 8240
3 8238 8239 8241
3 8237 8240 8249
1 8244
1 8244
3 8242 8243 8248
1 8247
1 8247
3 8245 8246 8248
3 8244 8247 8249
3 8241 8248 8265
1 8252
1 8252
3 8250 8251 8256
1 8255
1 8255
3 8253 8254 8256
3 8252 8255 8264
1 8259
1 8259
3 8257 8258 8263
1 8262
1 8262
3 8260 8261 8263
3 8259 8262 8264
3 8256 8263 8265
3 8249 8264 8297
1 8268
1 8268
3 8266 8267 8272
1 8271
1 8271
3 8269 8270 8272
3 8268 8271 8280
1 8275
1 8275
3 8273 8274 8279
1 8278
1 8278
3 8276 8277 8279
3 8275 8278 8280
3 8272 8279 8296
1 8283
1 8283
3 8281 8282 8287
1 8286
1 8286
3 8284 8285 8287
3 8283 8286 8295
1 8290
1 8290
3 8288 8289 8294
1 8293
1 8293
3 8291 8292 8294
3 8290 8293 8295
3 8287 8294 8296
3 8280 8295 8297
3 8265 8296 8298
3 8234 8297 8299
3 8171 8298 8300
3 8044 8299 8301
3 7789 8300 8302
3 7278 8301 8303
3 6255 8302 8304
3 113 4208 8303
