100
0
1 1
2 1 2
3 1 2 3
1 4
3 1 2 4
6 1 2 3 4 5 6
7 1 2 3 4 5 6 7
5 1 2 3 4 8
9 1 2 3 4 5 6 7 8 9
1 6
7 1 2 3 4 5 6 11
1 10
11 1 2 3 5 6 8 9 10 11 12 13
8 6 7 8 9 10 11 13 14
7 3 6 7 10 11 12 14
10 1 2 4 6 8 9 10 12 13 14
14 1 2 3 4 5 7 8 9 10 11 12 13 15 17
1 5
9 3 4 5 10 11 12 14 17 18
20 1 2 3 4 5 6 7 8 9 10 11 12 13 14 15 16 17 18 19 20
18 1 2 3 4 5 6 7 8 9 10 11 12 15 16 17 18 20 21
22 1 2 3 4 5 6 7 8 9 10 11 12 13 14 15 16 17 18 19 20 21 22
5 3 5 9 12 15
18 1 2 4 7 8 9 10 11 12 13 14 15 18 19 20 21 22 24
18 3 4 5 6 7 8 9 10 14 15 16 17 18 20 21 22 23 24
11 1 6 7 8 10 11 12 13 17 21 23
26 1 2 3 4 5 6 7 8 9 11 12 13 14 15 16 17 18 19 20 21 22 23 24 25 26 27
16 2 3 7 8 9 10 11 12 17 19 20 21 24 25 27 28
16 3 5 8 10 12 13 14 17 18 19 22 23 25 26 27 29
29 1 2 3 4 5 6 7 8 9 10 11 12 13 14 15 16 17 18 19 20 21 22 24 25 26 27 28 29 30
13 6 7 9 11 14 15 16 21 22 27 29 30 31
11 2 3 5 6 7 10 13 14 15 26 27
15 5 7 8 12 13 16 24 25 26 27 29 30 31 32 33
19 1 2 3 4 5 8 10 11 12 14 15 16 18 21 26 28 30 32 33
35 1 2 3 4 5 6 7 8 9 10 11 12 13 14 15 16 17 18 19 20 21 22 23 24 25 26 27 28 29 30 31 32 33 34 35
8 2 3 9 12 13 17 20 31
13 2 6 15 19 26 27 28 29 33 34 35 36 37
17 2 6 8 9 11 13 14 15 17 20 21 22 24 25 26 33 35
29 1 2 4 5 6 7 10 11 12 13 14 16 17 21 22 24 25 26 27 28 29 30 31 32 33 36 37 38 39
40 1 2 3 4 5 6 7 8 9 10 11 12 13 14 15 16 17 18 19 20 21 22 23 24 25 26 27 28 29 30 31 32 33 34 35 36 37 38 39 40
22 4 5 6 7 9 11 13 14 15 16 17 19 24 25 28 30 34 36 37 38 39 41
30 2 4 5 6 7 8 9 10 11 12 16 18 20 21 22 23 24 25 27 28 29 31 32 33 34 38 39 40 41 42
11 7 8 16 17 24 30 32 33 35 38 39
13 1 5 7 10 12 13 15 17 20 26 29 38 43
12 1 2 9 13 18 19 20 30 33 38 42 44
29 2 3 4 5 8 9 10 11 13 14 16 17 18 20 21 22 25 27 29 30 31 32 36 37 38 40 41 43 46
42 2 3 4 5 6 7 9 11 12 13 14 15 16 17 18 19 20 21 22 23 24 25 26 27 28 29 30 31 32 34 35 36 37 38 39 40 41 42 43 44 45 47
23 2 6 9 11 12 13 14 16 17 18 21 23 24 26 28 29 30 31 36 38 40 42 47
27 1 2 4 6 9 11 13 17 18 26 27 28 29 30 31 32 33 34 37 38 39 40 41 44 46 47 48
32 2 4 6 8 9 10 11 12 13 15 19 20 21 22 24 25 26 28 29 31 32 34 36 37 38 40 42 43 44 46 48 50
6 5 7 17 21 31 36
1 22
19 2 3 4 6 8 9 10 16 19 20 31 32 35 40 41 42 48 51 52
50 1 2 3 4 5 6 7 8 9 10 11 12 13 14 16 17 18 20 21 22 24 25 26 27 28 29 31 32 33 34 35 36 37 38 39 40 41 42 43 44 45 46 47 48 49 50 51 52 53 54
34 2 5 7 8 11 15 16 18 19 23 24 25 26 27 29 30 31 32 35 36 37 38 40 42 43 45 46 47 48 49 52 53 54 55
44 1 2 3 4 6 7 9 11 12 13 14 15 16 17 18 19 20 21 23 24 25 26 27 29 30 34 35 36 37 38 40 42 43 44 45 47 48 49 51 52 53 54 55 56
16 1 3 5 14 15 18 19 26 28 29 42 46 47 51 52 57
11 3 8 17 22 29 37 38 46 52 53 58
21 2 3 8 9 11 13 14 21 24 28 29 31 32 37 44 46 51 52 54 55 57
57 1 2 3 5 6 7 8 9 10 11 12 13 14 15 16 17 18 19 20 21 22 23 24 25 26 27 28 29 30 31 32 33 34 35 36 38 39 40 41 42 43 44 45 46 47 48 49 50 51 52 53 54 56 57 58 59 60
41 2 3 5 6 8 10 11 12 15 16 17 19 20 22 24 25 26 27 28 29 31 33 34 36 37 38 39 41 42 43 45 46 47 48 49 51 53 56 57 59 60
28 1 2 5 9 10 11 14 16 18 19 27 29 30 32 35 38 39 42 44 45 47 48 49 51 52 57 59 60
10 13 14 16 24 29 41 44 50 51 61
50 1 3 4 5 7 8 9 10 11 12 13 14 15 18 19 20 22 23 24 25 26 28 29 30 32 33 35 36 38 40 41 42 43 44 45 46 47 48 49 50 51 52 54 55 56 57 58 59 61 64
39 1 4 5 9 10 11 12 13 14 15 16 20 21 25 26 28 31 33 34 35 36 38 41 42 43 45 46 47 48 49 50 52 56 58 59 60 61 64 65
16 3 5 10 17 25 27 31 32 36 37 40 44 50 54 56 65
12 2 4 10 11 14 20 22 29 35 41 44 60
64 1 2 3 4 5 6 7 8 9 10 11 12 13 14 15 16 17 18 19 20 21 22 23 24 26 27 29 31 32 33 34 35 36 37 38 39 40 41 42 43 44 45 46 47 48 49 51 52 53 54 55 56 57 58 59 60 61 62 63 64 65 66 67 68
48 1 2 3 5 7 8 9 10 11 12 13 15 17 18 21 23 24 25 26 27 28 29 32 34 36 37 38 39 42 43 44 45 46 48 51 52 53 55 56 59 61 62 64 65 66 67 68 69
64 1 2 3 4 5 6 7 8 9 11 12 13 14 15 16 17 19 20 21 22 23 24 25 26 27 29 30 32 33 34 35 36 37 38 39 40 41 42 43 44 45 47 48 49 50 51 52 53 54 55 56 57 58 59 60 61 63 64 65 66 67 68 69 70
25 11 12 14 16 22 23 24 27 28 29 35 36 39 50 51 52 53 54 57 59 60 64 65 66 71
66 1 2 3 4 5 6 7 8 9 10 11 12 13 14 15 16 17 18 19 20 22 23 24 25 26 27 28 29 30 31 32 33 34 36 38 39 40 41 42 43 44 45 46 48 49 50 51 52 53 54 55 57 58 59 60 61 62 63 64 65 66 67 69 70 71 72
22 4 7 8 11 12 14 16 17 20 26 28 30 37 40 42 44 54 56 61 64 65 70
59 1 2 3 4 5 6 7 8 9 10 11 12 13 14 15 16 18 20 21 23 24 25 26 27 28 30 32 33 35 36 37 38 39 41 42 43 44 45 46 47 49 50 51 53 55 56 59 61 62 63 65 67 68 69 70 71 72 73 74
15 2 3 4 7 14 16 25 31 33 42 58 61 70 73 75
55 2 3 4 6 7 8 10 13 14 15 17 19 20 21 22 23 24 25 27 28 29 30 31 32 33 37 38 39 40 41 42 43 44 45 46 47 49 53 54 55 56 57 60 62 63 64 65 66 69 70 71 73 74 75 76
47 1 2 3 5 6 9 10 13 14 15 16 17 18 20 21 25 27 28 29 31 34 35 36 37 39 41 43 44 46 47 49 52 53 55 57 58 59 63 66 68 70 71 72 73 75 76 77
66 1 2 3 4 6 7 10 11 12 13 14 16 17 18 19 20 21 22 23 25 26 28 29 32 33 34 35 36 37 38 39 40 41 43 44 47 48 50 51 52 53 54 55 56 57 58 59 60 61 62 63 64 65 66 67 68 69 70 71 72 73 74 75 76 77 78
66 1 2 4 5 6 11 12 14 15 16 17 18 19 20 22 23 24 25 26 27 28 29 30 31 32 33 34 35 36 37 38 39 40 42 43 44 45 46 48 49 50 51 52 53 54 55 56 58 59 60 61 62 63 64 65 68 69 70 71 72 73 75 76 77 78 79
49 3 5 6 8 9 10 12 14 15 16 19 20 22 23 25 27 29 30 31 32 33 36 37 39 40 42 44 47 48 49 50 53 55 57 58 59 64 66 68 70 71 72 73 74 76 77 78 79 80
24 10 11 15 19 21 30 35 41 46 48 52 58 59 61 64 65 68 69 70 71 72 74 78 81
15 3 4 6 16 23 26 28 32 35 37 38 40 49 50 78
56 1 2 3 4 7 8 10 13 14 15 16 17 18 20 22 23 24 25 26 27 28 29 31 32 33 34 37 38 40 41 44 45 47 48 52 55 56 58 59 61 63 64 67 68 69 70 71 72 73 74 75 76 77 80 82 83
40 1 3 5 8 9 10 13 15 16 17 18 19 24 25 29 33 34 39 40 43 45 53 55 56 57 58 60 61 63 67 69 70 74 76 77 79 80 81 82 84
41 1 2 4 5 6 8 11 12 13 18 19 24 26 30 31 33 35 40 41 42 43 44 45 46 48 50 52 54 55 57 58 61 62 63 65 66 67 73 74 79 83
76 1 2 3 4 5 6 7 8 10 11 12 13 14 15 16 17 18 19 20 21 22 23 24 25 26 27 28 30 31 32 33 34 35 36 37 38 40 41 42 43 44 45 46 47 49 50 51 52 53 54 55 56 57 60 61 62 63 64 65 66 68 69 70 71 72 73 74 75 76 78 79 80 81 82 85 86
48 3 4 6 11 14 18 19 20 21 22 26 27 28 30 32 34 35 36 38 39 40 43 44 45 46 48 52 53 54 55 58 59 60 61 66 67 68 69 72 73 75 76 80 82 83 85 86 87
9 2 12 14 20 46 48 55 72 79
51 1 3 5 7 8 10 11 12 14 15 16 18 19 21 22 23 24 25 26 27 30 31 32 34 35 39 40 43 49 51 53 55 60 63 64 65 67 68 69 70 72 73 74 76 77 78 83 85 86 88 89
87 1 2 3 4 5 6 7 8 9 10 11 12 13 14 15 16 17 18 19 20 21 22 23 24 25 26 27 28 29 31 32 33 34 35 36 37 38 39 40 41 42 43 44 45 46 47 48 49 50 51 52 53 54 55 56 57 58 59 60 61 62 63 64 65 66 67 68 69 72 73 74 75 76 77 78 79 80 81 82 83 84 85 86 87 88 89 90
21 2 8 10 12 17 34 35 36 44 45 47 55 57 60 64 70 74 82 84 86 87
56 2 3 4 6 8 9 10 11 13 14 16 17 18 20 22 24 25 27 28 29 30 31 32 33 34 35 37 38 39 41 42 44 45 47 48 52 57 58 59 62 64 66 67 68 70 72 74 75 78 79 82 88 89 90 91 92
88 1 2 4 6 7 8 9 10 11 12 13 14 15 16 17 18 19 20 21 22 23 24 25 26 27 28 29 30 31 32 33 34 35 36 37 38 39 40 41 42 43 44 45 46 47 48 49 50 51 52 53 54 55 56 57 58 59 60 61 62 63 64 65 67 68 69 70 71 72 73 74 75 76 78 79 80 81 82 83 84 85 86 87 89 90 91 92 93
87 1 2 3 4 6 7 8 9 10 11 12 13 14 15 16 17 18 20 21 24 25 26 27 28 29 30 31 32 33 34 36 37 38 39 40 41 42 43 44 45 46 47 48 49 50 51 52 53 54 55 56 57 58 59 60 61 62 63 64 65 66 68 69 70 71 72 73 74 75 76 77 78 79 80 81 82 83 84 85 86 87 88 89 91 92 93 94
38 2 3 5 7 8 11 12 13 17 19 23 27 30 32 35 36 38 40 47 48 50 53 57 59 64 70 73 74 76 78 80 82 83 86 88 89 92 95
89 1 2 4 5 6 7 8 10 11 13 14 15 16 17 18 19 20 21 22 23 24 26 27 28 29 30 31 32 33 34 35 36 37 38 39 40 41 42 43 44 45 46 47 49 50 51 52 53 54 55 56 57 58 59 60 61 62 63 64 65 66 67 68 69 70 71 72 73 74 75 76 77 78 79 80 82 83 84 85 86 87 88 90 91 92 93 94 95 96
62 1 2 3 4 7 10 11 12 13 14 15 18 20 22 23 24 25 26 27 30 31 32 35 36 37 39 40 41 42 43 44 45 48 49 50 51 53 54 56 57 58 59 65 67 68 70 71 73 74 75 76 78 79 80 81 82 87 89 92 93 95 96
11 27 33 35 38 39 48 54 61 69 87 92
50 1 5 6 7 8 9 10 13 14 15 17 18 19 22 24 26 28 30 31 32 33 34 37 39 40 41 46 47 49 51 55 56 60 61 64 65 66 70 76 79 83 84 85 86 88 89 93 94 97 98
