9999
2 2 6596
15 3 4 6 14 16 36 40 66 170 182 226 548 3796 6332 9462
1 1
4 5 10 114 2922
3 2 8 1930
3 7 7016 7040
3 2 42 2288
2 9 1466
3 5 250 414
4 11 12 26 544
3 4 80 6578
5 13 28 122 146 1792
3 10 20 200
6 15 18 24 52 342 4098
2 2 94
5 17 44 60 1216 2832
8 2 108 308 514 682 872 912 2064
3 19 30 5926
6 14 34 102 180 5794 9182
3 21 22 86
2 13 268
1 23
2 20 472
3 25 82 1168
4 14 150 318 4906
8 27 50 56 172 216 298 408 1368
2 10 746
2 29 32
8 12 518 520 552 694 1610 2816 7024
3 31 1016 1174
4 18 224 504 1574
4 33 116 688 6116
1 28
3 35 4744 5558
3 19 104 730
5 37 406 428 2206 3486
6 2 38 156 296 360 2548
2 39 654
4 37 232 708 4776
7 41 58 238 510 1100 3244 4936
2 2 934
2 43 46
7 7 48 62 196 850 5916 5994
4 45 154 2316 7514
3 16 3162 3438
4 47 76 660 6354
3 42 332 1170
4 49 72 100 1326
4 43 1118 3834 9974
5 51 64 78 1190 2410
7 26 822 1042 1072 1232 2366 2986
2 53 262
2 14 54
2 55 2000
6 53 110 1154 2596 3898 4036
3 57 494 2496
3 26 74 806
3 59 2324 4670
3 40 98 186
5 61 162 234 300 896
5 16 68 70 536 4130
1 63
2 43 9604
6 65 88 96 190 264 3134
5 50 354 420 780 1512
1 67
4 2 478 2820 7158
2 69 880
3 61 266 562
4 71 284 386 3738
5 61 126 650 842 3712
2 73 136
4 48 84 144 242
3 75 198 1678
4 57 118 142 824
3 77 140 8792
4 46 148 710 9622
3 79 2466 8710
2 50 6020
2 81 7986
1 11
5 83 796 1244 2546 5998
2 24 112
2 85 400
3 73 90 2202
2 87 256
3 20 220 718
2 89 106
3 64 2456 3200
3 91 92 476
4 85 128 246 1680
3 93 2464 6236
4 90 324 356 3124
6 95 152 280 512 1252 2412
4 15 174 1408 8186
5 97 236 670 2266 2382
3 64 138 2376
4 99 1902 3034 5116
2 59 274
4 101 344 698 4734
4 48 466 1108 1566
3 103 258 364
5 19 986 2976 7872 7982
2 105 5888
1 35
3 107 916 4562
5 88 376 470 2390 3436
2 109 468
3 17 2066 2396
1 111
1 55
3 113 130 666
3 83 662 1426
3 115 2510 9506
1 4
4 117 222 422 614
4 32 120 982 8142
4 119 656 1730 2724
1 75
1 121
5 117 522 894 1054 3838
2 123 124
6 12 168 202 276 2748 7876
1 125
3 122 230 3846
3 127 310 3060
4 71 132 432 8254
4 129 184 214 1298
5 91 372 438 1632 4580
1 131
4 112 134 346 7584
2 133 1008
3 127 212 794
2 135 160
7 131 728 924 1210 3424 6154 9954
6 137 316 720 1212 1694 4372
2 72 166
10 139 254 704 1164 1708 2938 3516 4218 5900 8370
4 97 410 6738 9522
6 141 188 1304 1630 4986 6712
1 76
3 143 322 900
3 75 496 628
2 145 636
2 73 2282
3 147 3384 5066
3 12 286 5858
3 149 588 862
2 77 158
5 151 1076 1936 2354 4574
7 25 164 336 1020 1152 1306 8026
3 153 434 946
3 94 1496 2256
8 155 218 352 390 664 1528 1724 5608
2 44 8554
6 157 412 492 532 804 932
4 37 176 192 2228
1 159
2 149 392
2 161 486
6 134 178 382 1920 3154 4800
6 163 208 292 658 816 2768
3 60 436 4890
5 165 370 424 740 4832
4 151 1148 1970 2542
2 167 2494
3 137 272 640
3 169 810 2948
3 123 556 8360
3 171 252 736
1 2
2 173 380
4 26 676 1120 2448
5 175 452 1286 2090 7494
3 95 1712 1784
5 177 680 4488 5196 5880
1 157
3 179 206 6922
5 161 194 228 328 2076
4 181 334 542 8484
2 19 464
5 183 260 306 1010 3854
3 2 460 3552
1 185
4 128 582 4298 6254
4 187 240 534 696
1 59
2 189 282
2 140 874
7 191 622 752 2436 2654 2844 3442
3 64 1558 3512
3 193 5096 7342
2 157 4204
4 195 210 774 7764
3 179 368 1860
4 197 2056 2462 4992
2 43 1000
3 199 374 448
3 74 204 7144
2 201 590
4 13 616 1710 9562
2 203 5694
4 123 1440 8580 9694
2 205 1588
3 199 706 2660
2 207 6726
2 178 362
3 209 870 6284
6 162 1206 1274 1284 1996 3574
3 211 2620 2842
4 194 314 340 830
2 213 312
1 133
4 215 270 5828 6448
3 128 8342 8418
1 217
2 26 384
1 219
3 154 2072 5952
2 221 5834
2 87 7248
3 223 3566 5546
5 116 396 480 1352 3416
4 225 244 290 6658
4 31 2584 4230 7738
4 227 366 3130 3412
2 2 1180
1 229
4 179 288 5884 8256
3 231 506 600
3 125 1268 1548
2 233 2450
3 39 3652 5788
4 235 674 1886 4078
1 60
4 237 394 1448 9068
1 96
3 239 1204 1330
3 40 766 9674
5 241 330 1074 2196 4764
1 186
4 243 302 1414 1834
2 73 248
1 245
2 224 4910
7 247 604 930 5302 6650 9014 9016
3 91 1458 3956
2 249 1346
3 243 5262 5584
3 251 866 1800
2 9 2604
4 253 398 3102 4376
4 170 1034 1904 5918
5 255 1358 2112 2758 7912
3 138 4214 6502
2 257 1296
2 86 9686
4 259 716 1158 4472
3 102 498 4480
1 261
3 182 1964 8992
4 263 3826 4366 6838
3 52 1922 5006
4 265 918 2714 7092
2 64 4496
3 267 860 1434
6 69 348 690 1172 3756 4326
2 269 278
2 21 724
2 271 938
3 214 594 4274
2 273 592
2 167 646
1 275
2 99 906
1 277
5 123 920 1590 2348 6414
3 279 564 1728
1 268
1 281
1 94
2 283 294
4 188 630 2214 6744
3 285 758 1088
4 70 638 1572 9100
6 287 326 626 1182 1554 1702
1 147
1 289
3 229 426 2038
2 291 4930
2 224 1112
2 293 7732
4 162 490 964 2598
3 295 338 858
3 282 418 502
1 297
1 37
4 299 1312 1342 5698
4 26 350 610 4430
1 301
4 60 304 378 1720
4 303 474 1704 5978
4 242 742 1384 4070
1 305
3 301 642 3782
3 307 1668 5224
4 182 320 404 1128
5 309 914 2732 3702 6932
4 17 3072 8664 8808
2 311 4596
2 126 602
3 313 6166 6626
1 212
3 315 672 948
2 211 1334
1 317
3 136 596 2336
3 319 612 2138
2 25 358
3 321 530 6444
3 307 2522 2610
2 323 2154
3 142 892 6470
1 325
1 93
3 327 402 2148
2 286 1092
3 329 1576 5176
3 179 854 976
2 331 942
1 240
2 333 4030
1 47
2 335 1980
7 180 440 484 1280 1452 7082 8590
3 337 584 9798
1 151
2 339 2506
2 294 4364
2 341 5540
3 211 1104 2704
3 343 458 4742
3 14 3204 7320
1 345
1 100
1 347
2 131 442
2 349 388
3 267 1236 8658
3 351 1348 3462
2 299 3350
2 353 968
2 154 2678
2 355 572
3 65 1292 4508
1 357
4 93 1030 1270 6156
3 359 482 516
3 319 1082 8480
2 361 1038
2 37 444
1 363
3 207 560 5236
1 365
4 102 508 4426 8382
3 367 876 2326
2 226 812
1 369
2 195 3762
3 371 1234 1894
2 164 1602
1 373
3 129 1606 7956
2 375 844
2 198 902
2 377 786
3 107 1354 2268
4 379 2824 4548 6364
1 301
1 381
3 172 738 4336
2 383 9378
1 161
2 385 3378
3 217 462 8042
1 387
2 70 1514
1 389
4 348 1662 3040 5586
4 391 922 992 5286
2 154 632
1 393
2 159 826
5 395 574 882 1116 1246
1 236
3 397 4692 7058
5 223 904 1624 1692 8760
4 399 550 712 1416
3 252 1990 9636
1 401
6 84 598 1912 5972 8134 8966
3 403 7270 7882
3 326 1156 2364
2 405 430
2 307 898
6 407 454 538 966 970 1032
1 36
2 409 2332
3 26 1884 5182
2 411 4648
1 139
2 413 8002
5 156 1238 1524 2990 3280
5 415 416 1362 2314 2854
1 9
2 417 1316
1 414
1 419
2 295 1562
2 421 456
3 65 7720 9092
1 423
1 116
3 425 1208 3484
4 164 748 2682 8684
3 427 1866 2242
3 289 5378 6496
1 429
2 36 7168
4 431 446 450 9288
3 404 2652 3916
3 433 2374 6416
1 127
2 435 3026
1 152
5 437 524 1454 3616 3890
3 163 1294 2318
2 439 578
2 129 1024
5 441 566 820 4790 6800
3 335 1820 2516
5 443 546 1142 1258 9904
2 347 9138
4 445 586 1066 5904
1 361
2 447 9988
2 430 620
2 449 488
3 198 2634 5074
2 451 1412
2 430 5988
2 453 1780
2 174 8242
2 455 1044
3 406 1026 3066
3 457 928 1498
3 420 2488 7192
5 459 580 890 2280 9056
3 342 5876 7648
1 461
1 183
2 463 1638
3 385 5394 5614
2 465 4082
3 181 1186 3330
2 467 5318
3 101 528 692
2 469 1062
2 108 1460
3 471 884 1688
3 107 722 1200
4 473 568 5656 9744
2 23 9104
1 475
2 302 1736
4 477 2188 2690 6458
3 90 3794 3824
2 479 1138
3 67 618 1482
3 481 1960 3032
1 223
4 483 608 744 8678
3 358 2252 4150
4 485 500 668 5686
1 335
3 487 4598 6288
1 160
1 489
1 448
2 491 3480
4 293 952 3584 9142
1 493
2 156 1228
3 495 856 2070
2 56 7328
5 497 1302 2874 5970 8400
2 143 5882
3 499 5816 6016
2 259 8328
1 501
2 484 1242
4 503 1450 2208 6396
2 295 5046
2 505 846
3 31 3166 8338
2 507 1660
2 230 4628
2 509 7736
3 365 1196 1224
3 511 526 772
4 40 700 1004 8182
2 513 944
3 94 3726 5956
7 515 940 1670 2162 2470 4588 4688
1 17
1 517
4 358 2142 4338 9602
3 519 3368 7844
4 29 1040 1474 3308
3 521 2182 4522
3 29 1318 3942
2 523 558
2 121 1494
2 525 2536
1 436
3 527 606 1954
3 510 3754 7422
2 529 3116
3 467 760 3836
2 531 1140
4 320 540 1086 3008
2 533 6410
5 156 554 686 1276 1786
1 535
2 186 886
2 537 4176
3 61 1924 7172
3 539 4732 7814
3 406 3886 8110
3 541 1522 1666
2 531 4254
2 543 792
2 180 7836
2 545 1226
3 10 2480 7718
1 547
3 442 1864 7272
3 549 576 3238
3 2 2404 8436
2 551 6984
1 398
2 553 2538
3 29 802 2340
4 555 2380 3870 7722
3 533 3656 9366
2 557 1706
8 169 634 644 1046 1260 3922 4000 5962
2 559 1050
3 522 2114 3586
3 561 1698 3054
2 363 570
2 563 5780
1 69
3 565 726 754
5 278 1068 3082 5180 6096
3 567 1322 5480
3 440 3346 4192
1 569
2 472 1714
5 571 762 2166 2640 6810
4 561 1438 2750 4958
2 573 3732
5 354 1310 2178 2602 4972
1 575
4 394 2346 5396 7002
2 577 1150
3 548 6696 9704
3 579 1130 2838
1 438
3 581 756 784
1 458
2 583 4512
2 185 9510
4 585 2906 6336 9436
2 336 1360
2 587 8100
5 444 910 1374 2274 7418
5 589 808 1340 2156 9062
2 148 8936
1 591
2 200 1266
3 593 1652 5240
3 272 836 3246
1 595
3 271 7540 9386
2 597 1622
5 317 1380 1382 5592 8118
7 599 652 734 800 998 3406 4602
2 401 3882
2 601 988
2 230 4128
3 603 864 4002
3 311 2476 4506
3 605 1314 3146
3 246 3226 8818
2 607 6370
3 526 1144 2974
3 609 8012 9668
2 482 624
2 611 4650
3 299 8474 8806
2 613 990
1 318
4 615 790 3320 4386
2 116 1718
2 617 6756
4 201 972 1146 2752
1 619
3 479 678 776
1 621
1 447
2 623 1222
2 190 9638
3 625 4746 7094
3 609 1626 1794
2 627 6126
2 286 5258
1 629
3 143 2586 5404
1 631
4 283 2020 5204 5640
2 633 1324
1 391
2 635 3172
2 557 2276
3 637 3022 5752
1 144
2 639 3348
3 285 2160 5750
5 641 1540 2934 4892 5806
2 167 788
3 643 1014 7666
1 305
2 645 5350
3 557 1136 5114
2 647 648
1 273
4 649 832 1102 1846
2 646 4412
1 651
2 71 1256
2 653 2088
1 598
2 655 908
2 38 1748
6 657 868 1006 1124 1852 5820
1 118
3 659 684 926
2 162 5986
2 661 7760
4 46 1598 1734 3714
2 663 2096
1 113
2 665 2648
1 154
3 667 878 984
2 112 1188
2 669 7414
3 484 3288 5398
1 671
1 96
2 673 1740
3 314 768 2304
2 675 2212
2 234 2666
2 677 5418
3 173 3722 7222
2 679 4416
1 619
4 681 936 1500 5208
1 176
3 683 1248 6526
1 17
1 685
2 658 6688
3 687 3042 4016
2 533 1052
4 689 1966 3090 5636
3 32 1386 3310
4 691 1288 2568 3914
3 267 3524 3988
2 693 9892
6 467 732 2284 2608 4380 6356
4 695 702 770 1028
2 29 8824
5 697 778 4570 5534 5984
5 186 798 1754 1994 9946
4 699 714 2140 3912
2 100 950
1 701
1 511
2 703 5944
2 694 3176
4 705 840 5524 6964
4 138 994 4314 7842
2 707 1396
3 205 6138 6912
2 709 1446
1 39
1 711
2 77 962
2 713 7188
3 398 2110 5784
2 715 1986
1 698
6 717 1732 3366 3686 5002 6162
1 258
1 719
3 87 828 3590
3 721 750 6106
2 136 5630
2 723 1080
2 471 3466
1 725
1 269
3 727 2696 6142
2 564 1806
1 729
2 135 2698
2 731 4752
2 35 1892
4 733 782 1612 9380
1 693
2 735 2034
3 598 764 1656
1 737
3 170 2876 7336
2 739 1768
1 381
2 741 852
1 164
5 743 2328 2812 2894 5308
4 303 1058 2612 4190
2 745 7018
3 482 1808 3454
2 747 5346
1 27
2 749 2302
3 425 1594 8114
2 751 2902
2 720 3810
2 753 1202
1 190
2 755 1372
2 564 1098
1 757
1 580
4 759 4362 5886 8146
4 284 1402 3900 7298
3 761 3520 9042
2 529 1078
2 763 1550
2 570 6882
2 765 4846
1 735
2 767 7776
4 239 1880 3778 6010
3 769 3398 7748
1 673
2 771 2016
2 694 2550
4 773 1254 6860 7674
2 510 3534
2 775 1070
1 194
2 777 4470
1 619
4 779 2152 2352 5126
2 696 2244
1 781
2 65 1278
2 783 4300
2 732 2048
1 785
3 580 814 1850
3 787 1126 3402
2 376 7388
4 789 2526 4052 7148
3 641 1856 7296
2 791 9488
2 614 1022
2 793 3476
1 542
1 795
2 133 5442
3 797 3978 6686
2 82 9316
2 799 1428
2 697 3224
5 801 848 1418 3626 6798
1 598
2 803 1480
3 553 1564 5818
3 805 888 1908
3 156 960 9752
2 807 4474
4 57 834 838 2454
1 809
1 588
2 811 3868
3 168 1328 2300
2 813 2440
3 367 1390 1516
3 815 1134 2082
1 785
1 817
2 162 818
6 819 1094 1230 2362 3396 7904
1 817
1 821
4 440 1178 2092 3314
1 823
2 51 7826
1 825
2 75 2788
7 827 1002 1532 1604 2246 8168 8386
1 393
2 829 974
2 719 954
2 831 1012
2 211 2058
2 833 8844
4 648 958 1132 6234
4 835 1214 1250 5186
2 807 2344
1 837
2 593 1424
3 839 2010 3736
1 807
3 841 5654 8998
2 704 3322
1 843
2 71 6158
2 845 1060
1 374
3 847 3800 6846
3 504 1272 1844
3 849 1646 2790
1 800
4 851 2674 4804 5392
1 43
1 853
2 740 1338
1 855
3 329 1978 4820
1 857
1 494
2 859 1526
2 294 9080
2 861 4886
1 266
2 863 1634
2 148 2458
4 865 1644 2592 9278
1 602
2 867 2754
1 250
1 869
3 656 4438 9740
2 871 5354
2 208 3218
2 873 1048
2 17 1290
2 875 3258
2 189 1696
2 877 3290
2 366 4040
1 879
2 666 1790
2 881 1584
2 68 3284
2 883 4586
1 394
2 885 6192
1 470
1 887
1 535
1 889
5 804 1468 1788 5718 6012
2 891 1782
2 458 1488
2 893 1110
2 323 1056
2 895 1218
4 121 1510 1738 3644
1 897
1 60
2 899 1404
2 405 1798
2 901 6408
2 142 8070
2 903 2490
3 375 2434 4174
2 905 996
3 397 1882 5708
2 907 1988
3 275 1916 8210
3 909 1552 2334
2 654 1848
2 911 9650
2 587 1938
4 913 1818 1906 3580
3 17 1344 8102
2 915 8770
2 308 2658
2 917 3174
2 106 9714
3 919 2258 3184
2 264 8986
1 921
2 277 978
3 923 980 1264
1 390
3 925 3560 7574
1 135
1 927
2 658 1822
2 929 6082
1 456
1 931
2 246 1504
1 933
2 156 3844
1 935
3 41 2540 2918
4 937 956 3268 8892
3 680 2564 4088
1 939
1 270
2 941 1018
4 514 2600 4304 9964
2 943 1388
3 330 1122 8446
2 945 9024
1 512
1 947
1 152
1 949
4 314 2062 5940 9166
2 951 6214
1 699
1 953
3 491 9838 9886
3 955 1394 7630
2 829 2776
2 957 6708
2 936 1392
2 959 5844
4 833 3482 5384 7994
3 961 1538 6058
1 805
2 963 5674
1 711
2 965 3818
1 293
2 967 2432
1 406
1 969
1 352
1 971
4 406 1036 7076 9450
4 973 1160 1650 2942
2 617 1064
4 975 3856 3876 3936
2 828 3670
1 977
2 329 3094
4 979 1958 6706 7780
2 921 2136
4 981 1682 1944 3688
3 922 3036 3148
1 983
2 117 7688
1 985
1 666
2 987 4194
1 103
3 989 3538 4736
1 600
4 991 2356 4084 9876
1 612
2 993 1114
2 390 8194
1 995
2 705 9394
2 997 3540
2 904 5738
2 999 2106
2 598 2402
1 1001
1 197
1 1003
1 826
2 1005 5410
2 511 1198
3 1007 5532 6568
2 656 3894
3 1009 1262 3822
2 132 3186
2 1011 2002
1 182
1 1013
3 830 2392 6256
1 1015
2 642 2190
1 1017
1 30
3 1019 1676 2172
4 940 1928 2988 7730
4 1021 2192 4090 9502
2 151 4546
3 1023 6468 9216
3 791 2050 4784
1 1025
3 439 2864 8150
3 1027 4762 6710
1 455
4 1029 3684 4576 7230
3 694 1940 6682
1 1031
2 357 2784
1 1033
1 406
3 1035 3634 3760
2 253 5890
1 1037
1 971
3 1039 1618 2122
4 360 1672 2320 8666
4 1041 2566 4388 8380
1 519
2 1043 2534
3 51 1888 3908
1 1045
3 454 2702 7626
2 1047 1722
3 557 1376 4352
3 1049 3112 7530
1 872
1 1051
1 558
3 1053 4566 7758
4 687 6824 8120 9864
1 1055
3 121 2084 5684
1 1057
6 893 1096 1546 2240 3164 3808
1 1059
1 743
1 1061
1 844
3 1063 1106 2972
1 468
1 1065
1 973
1 1067
1 444
1 1069
1 565
2 1071 9372
3 774 2970 9684
3 1073 1220 9314
1 51
1 1075
4 240 1084 1350 3120
1 1077
1 150
1 1079
4 761 1766 1838 3696
2 1081 8140
2 722 3430
1 1083
1 359
1 1085
3 1075 1686 9326
1 1087
2 531 2932
2 1089 6654
5 284 1090 2582 3286 5756
2 1091 3024
3 1089 1560 4560
1 1093
2 327 1812
2 1095 5566
2 818 4614
2 1097 3518
1 1057
1 1099
2 755 2664
1 1101
3 40 1194 1320
2 1103 9548
2 648 4678
1 1105
5 341 3266 4032 4296 4914
2 1107 1614
3 1062 1308 9770
6 1109 1370 2772 3558 3802 6250
2 101 1422
2 1111 3948
2 892 1166
2 1113 1658
2 291 2482
4 1115 2370 3984 6378
1 992
1 1117
4 394 1756 2668 2740
1 1119
1 49
2 1121 8056
2 173 7244
3 1123 2330 3194
2 943 4482
2 1125 3260
2 656 2552
2 1127 1430
1 786
1 1129
3 307 1828 8408
2 1131 2930
4 578 1490 2822 7476
2 1133 1592
2 833 2098
4 1135 1162 2644 5720
2 814 5272
2 1137 1636
2 645 1878
3 1139 1542 3784
1 478
3 1141 5210 7368
3 530 3556 8564
1 1143
3 442 1690 4838
2 1145 2444
1 607
2 1147 5118
1 617
2 1149 1400
2 165 4312
3 1151 2174 2520
1 576
1 1153
1 151
3 1155 3660 7454
3 55 5776 7702
2 1157 3306
5 403 1192 3768 6174 7162
3 1159 5218 7896
3 258 1436 9976
2 1161 1746
3 972 1184 1406
3 1163 2530 7690
1 1134
3 1165 1420 2232
1 138
1 1167
4 1111 3062 7358 7578
3 1169 3332 7800
2 24 4108
2 1171 9544
2 47 2996
1 1173
3 267 3460 4292
2 1175 1176
3 30 2650 4806
2 1177 4148
3 1174 1364 8600
3 1179 1456 7310
3 821 1992 4100
2 1181 3312
2 227 5742
3 1183 1824 4402
1 286
1 1185
4 1161 3434 5798 9504
1 1187
3 465 2692 9804
4 1189 1462 2532 8366
5 667 1398 2416 4876 9304
2 1191 1870
2 50 3694
2 1193 1608
1 1157
2 1195 2018
1 1101
2 1197 2398
2 509 1240
2 1199 3498
1 1005
2 1201 2032
1 471
3 1203 8406 9732
2 752 2886
1 1205
2 238 1332
3 1207 1674 2312
1 209
2 1209 6928
2 424 1366
4 1211 2230 3382 6872
1 135
3 1213 4136 6452
1 136
3 1215 1432 5242
1 834
1 1217
3 16 5322 8990
3 1219 1600 6292
3 894 2472 7606
3 1221 2828 5942
1 1072
3 1223 2840 6406
1 622
4 1225 2420 8896 9480
2 509 2044
1 1227
1 544
3 1229 1616 2360
2 493 2446
2 1231 1772
1 818
4 1233 2052 7920 8612
2 51 2964
2 1235 1858
2 370 3064
2 1237 2628
2 349 3334
1 1239
1 413
2 1241 2700
2 1197 4624
3 1243 4408 6500
1 501
3 1245 3216 5568
1 82
3 1247 1336 1410
1 394
2 1249 1470
3 682 1356 2762
5 1251 1752 2054 2108 7686
2 834 5328
2 1253 2804
5 94 3874 5578 5786 9252
3 1255 2224 2554
1 772
2 1257 4324
2 651 1282
3 1259 2914 3668
1 442
2 1261 5132
2 557 4662
1 1263
3 1008 4406 5032
1 1265
2 922 3750
1 1267
1 591
3 1269 2760 5762
1 231
2 1271 5434
2 357 3274
2 1273 9624
4 847 3070 6954 7604
6 1275 1378 1442 2078 6084 7914
5 209 1530 6220 6564 7878
4 1277 1750 3044 9060
2 533 1982
2 1279 2716
2 781 1580
1 1281
3 335 2558 4464
1 1283
3 1257 3820 4258
3 1285 1300 4766
1 209
2 1287 7318
2 174 3030
2 1289 3780
1 690
1 1291
4 873 5406 6788 9136
2 1293 9878
2 355 7660
1 1295
2 437 3918
2 1297 7450
1 256
1 1299
1 128
3 1301 2024 6386
1 1284
2 1303 4072
2 496 1582
1 1305
2 140 2814
2 1307 5770
1 151
1 1309
3 1107 3720 7646
3 1311 1486 5974
2 573 2170
2 1313 1648
1 298
2 1315 1472
2 604 4284
2 1317 6092
2 416 5678
1 1319
3 521 2046 4042
2 1321 1926
1 1101
3 1323 4266 4418
2 566 8918
1 1325
1 632
1 1327
2 48 6278
2 1329 6210
1 811
2 1331 3546
1 238
2 1333 9790
2 1205 1910
3 1335 2042 5832
1 315
1 1337
1 1246
1 1339
1 853
3 1341 1876 2570
1 588
2 1343 1968
3 298 1502 5340
1 1345
3 913 1742 2512
2 1347 4830
1 248
2 1349 2826
2 350 8430
1 1351
1 1075
2 1353 5616
2 223 7036
1 1355
1 377
1 1357
2 1249 9298
5 1359 2770 4424 4494 8020
1 254
2 1361 1578
1 585
1 1363
2 414 2134
2 1365 9432
2 1177 1544
3 1367 1832 6854
3 1209 1478 6856
2 1369 7968
2 26 2730
2 1371 6028
1 1108
3 1373 4342 6680
2 754 1596
2 1375 2226
1 587
1 1377
1 1047
1 1379
3 1274 1570 4718
1 1381
1 597
1 1383
1 597
2 1385 1464
2 303 8362
2 1387 1444
3 689 2418 2680
1 1389
2 942 3730
2 1391 3088
2 813 3278
1 1393
1 957
2 1395 6412
2 954 2250
2 1397 5440
5 706 1774 3432 4306 5526
2 1399 3198
2 1189 1568
4 1401 1556 1586 7180
2 1148 6304
2 1403 6466
3 759 1998 2500
1 1405
2 898 6072
3 1407 4134 6394
2 1161 2782
2 1409 5088
3 95 1804 5160
2 1411 5946
1 1246
2 1413 2898
2 450 5264
3 1415 2144 9630
3 242 1826 4200
1 1417
2 398 2194
2 1419 2118
1 800
1 1421
1 1164
1 1423
2 1109 6876
1 1425
2 837 4172
4 1427 1518 4378 5456
2 113 1796
1 1429
1 798
1 1431
1 1126
1 1433
1 1214
2 1435 2890
5 266 1492 2150 3328 8188
2 1437 9322
1 1159
1 1439
3 571 1508 4674
2 1441 9942
2 203 3052
1 1443
2 1274 7796
3 1445 2004 2848
1 1386
2 1447 2236
4 708 1842 4066 8452
3 1449 2560 7706
3 236 1536 2198
1 1451
1 502
2 1453 8376
1 335
1 1455
3 436 1872 7372
2 1457 6328
4 1178 4106 7134 8894
2 1459 3084
2 247 2474
1 1461
1 469
1 1463
4 1188 5572 7406 9126
2 1465 7830
1 1384
4 1467 1476 2014 3106
2 8 1948
3 1469 7704 8354
1 889
4 1471 1520 2578 7590
4 1248 4656 5662 6812
2 1473 2086
2 1314 7564
3 1475 1534 3138
2 519 2468
2 1477 4468
1 1466
2 1479 2882
3 1367 2260 3522
1 1481
1 802
2 1483 2950
4 479 1484 1684 4582
1 1485
1 1483
1 1487
1 1310
1 1489
4 891 1506 3380 5650
1 1491
1 1131
2 1493 1664
2 1435 7810
2 1495 3448
1 523
5 1497 4076 5188 5288 5352
2 153 6640
3 1499 2164 3472
1 456
3 1501 1640 3104
2 680 1814
1 1503
1 1343
3 1505 6992 8856
2 931 3880
1 1507
1 1489
2 1509 5530
1 1439
2 1511 3928
2 895 3698
1 1513
1 65
3 1515 2544 2878
2 387 1900
1 1517
1 813
2 1519 1974
2 1426 7714
2 1521 5326
1 1470
1 1523
2 540 1946
1 1525
2 413 5420
6 1527 1642 4236 4860 5056 7260
4 858 2026 3142 5252
2 1529 2130
2 154 2200
2 1531 3740
1 1275
1 1533
1 826
3 1535 5408 7940
1 1474
2 1537 4556
2 1449 2556
1 1539
2 960 2132
3 1541 4738 7774
2 640 8034
2 1543 2310
2 1138 1620
4 1545 1726 1810 8920
3 1365 3420 4184
3 1547 8250 8816
2 1057 8264
1 1549
1 231
3 1551 2424 4434
1 762
1 1553
2 908 5898
1 1555
3 286 2846 3608
2 1557 9004
2 1400 5246
2 1559 8900
2 191 3934
3 1561 1802 3160
2 1091 1868
2 1563 2836
2 419 3256
1 1565
2 803 8320
2 1567 1716
4 101 2710 4410 5938
1 1569
1 1399
1 1571
1 1379
2 1573 2672
2 285 2756
4 1575 3370 3842 8826
1 31
2 1577 2262
2 328 5230
2 1579 1874
2 1360 9962
1 1581
3 1279 4684 6070
2 1583 1862
2 1303 3966
3 1585 1934 2030
4 880 1914 6054 7846
3 1587 2006 3118
1 1400
1 1589
2 204 4206
2 1591 7078
3 277 2372 2984
1 1593
3 1132 1896 9558
2 1595 1952
1 749
3 1597 2686 7304
1 1373
3 1599 7838 8520
2 661 8216
1 1601
1 1218
5 1603 1764 3764 8234 9632
3 371 1778 6384
1 1605
1 826
3 1607 2718 2862
1 373
4 1609 1700 2068 5128
3 1192 4966 7850
2 1611 1760
2 29 3770
2 1613 6752
1 732
3 1615 3178 6368
1 1106
1 1617
1 1228
2 1619 2580
2 1038 1628
1 1621
2 1543 6850
2 1623 3386
2 596 5122
2 1625 3478
2 397 7354
1 1627
2 625 7490
2 1629 1762
4 1619 1950 5712 5928
1 1631
2 140 4224
2 1633 3724
1 129
2 1635 1840
4 862 3078 3092 5250
3 1637 6874 6982
1 1136
1 1639
1 462
2 1641 9748
1 1500
5 1643 1830 2498 5560 9872
2 1526 4954
2 1645 2040
4 864 1770 2900 3464
2 1647 2478
2 848 2860
2 1649 9112
3 1312 1654 3816
1 1651
3 972 1744 7958
2 1653 6940
2 592 8948
1 1655
3 1649 1776 7544
3 1657 3230 4768
4 735 2080 4526 6240
1 1659
4 1112 3504 5016 8504
1 1661
1 506
1 1663
1 389
2 1665 3840
4 1492 2342 4750 7668
1 1667
2 540 2618
1 1669
2 306 4414
2 1671 6212
2 514 3248
1 1673
1 1039
2 1675 3264
3 1206 2460 6002
2 1677 3492
1 1018
1 1679
2 74 6140
4 1681 2290 2910 4198
3 91 3996 8544
1 1683
2 980 2104
1 1685
1 1483
3 1687 4014 8648
4 1085 5082 5136 6434
2 1689 9486
2 470 7930
2 1691 9008
2 1143 6866
1 1693
2 397 4012
1 1695
1 136
1 1697
1 875
2 1699 1890
1 560
2 1701 2452
2 1608 3494
2 1703 3510
1 286
2 1705 6556
2 302 1956
3 1707 4026 4168
1 556
1 1709
2 138 3562
3 1711 3358 5260
1 201
1 1713
3 175 2514 3426
1 1715
1 569
1 1717
1 1566
1 1719
1 615
3 1721 1898 8226
1 301
3 1723 4802 7190
2 1046 1918
1 1725
2 154 9452
2 1727 2484
4 1544 4164 8972 9376
1 1729
2 278 9274
1 1731
1 118
2 1733 4660
1 716
1 1735
1 661
3 1737 1972 3920
1 475
2 1739 2060
3 895 1816 1836
1 1741
1 672
3 1743 4064 4428
2 1345 8832
2 1745 2128
2 1651 3418
3 1747 2126 7992
3 1160 4074 8538
2 1749 9020
3 655 2308 4942
1 1751
2 1276 1758
1 1753
5 1250 2186 2574 4182 4282
1 1755
2 697 2264
3 1757 2688 3296
1 1117
1 1759
2 1751 6076
1 1761
1 1610
2 1763 5810
1 1628
2 1765 2028
2 1602 3240
5 1767 2204 3242 5706 6064
3 1079 4544 8862
3 1769 3450 4310
2 738 2296
2 1771 1854
1 1645
1 1773
3 1230 2168 4322
3 1775 3468 9726
2 1397 4630
4 1777 2158 8660 9374
2 1655 8364
2 1779 5140
2 1603 2956
2 1781 2870
1 452
1 1783
3 890 5444 7554
4 1785 2944 3596 9122
2 175 7474
2 1787 1976
1 533
1 1789
1 889
1 1791
2 879 4514
3 1793 5552 9512
3 12 1962 8372
1 1795
2 625 6358
2 1797 2656
2 1427 7278
1 1799
4 899 4990 9468 9626
2 1801 2992
2 250 3150
2 1803 8772
1 1560
1 1805
2 1409 2796
1 1807
3 727 7988 8980
3 1809 2504 6298
1 745
3 1811 3650 4754
1 1544
1 1813
3 1093 3576 7430
3 1815 3968 8518
3 1501 2180 6360
2 1817 2430
1 1739
1 1819
2 912 3866
3 1821 3254 7566
1 441
2 1823 4698
1 927
1 1825
3 1182 2638 3850
2 1827 2012
1 1415
1 1829
1 1129
3 1831 5170 7206
2 1642 7694
1 1833
2 1366 2146
2 1835 5672
1 242
2 1837 3232
2 1739 2120
3 1839 4922 7742
2 1079 9438
1 1841
4 1634 6462 8562 8656
3 1843 2222 5106
2 1447 2022
5 1845 2590 3360 3798 5148
2 847 2234
1 1847
2 648 4008
2 1849 9894
3 909 3500 5172
2 1851 5562
3 785 3228 3924
2 1853 4652
2 656 4926
3 1855 2306 8154
1 1770
1 1857
2 789 4840
1 1859
2 1234 4634
2 1861 6080
2 195 4318
1 1863
3 1582 2116 4824
2 1865 3004
3 547 1932 5840
3 1867 2220 6454
3 426 3902 7242
1 1869
2 1561 2684
4 1871 3128 5320 5604
1 1190
2 1873 2074
2 1455 2798
1 1875
2 1578 3408
2 1877 2414
2 1340 3132
2 1879 2238
4 1137 4114 6770 7984
2 1881 5228
2 767 3394
1 1883
1 905
2 1885 6242
2 409 4116
2 1887 3496
1 234
2 1889 4244
2 1043 2008
3 1891 2744 4606
1 1698
4 1893 2094 2124 2642
2 731 7610
2 1895 4120
2 370 6268
1 1897
1 1593
2 1899 5958
3 1720 4146 6558
1 1901
1 1515
1 1903
2 98 8608
3 1905 2524 8384
2 253 4568
1 1907
2 912 5518
2 1909 7650
1 804
3 1911 3592 8724
2 1333 2438
1 1913
1 401
1 1915
3 1585 1984 9958
2 1917 6792
3 907 3938 8300
1 1919
1 1723
4 1921 2786 2946 3564
1 161
2 1923 4178
1 263
2 1925 2952
1 537
2 1927 6762
1 1320
1 1929
1 1019
2 1931 5564
2 5 4346
3 1933 2102 2896
2 1865 7290
1 1935
3 1584 3018 3136
2 1937 2624
2 150 1942
1 1939
2 911 6400
2 1941 6270
1 1029
2 1943 2388
1 1937
2 1945 2384
2 980 6754
1 1947
2 1523 3812
1 1949
2 1467 4982
2 1951 2216
2 1629 5854
3 1953 3300 3470
3 1594 2294 7442
1 1955
2 526 2218
1 1957
1 1705
1 1959
1 978
2 1961 2358
1 480
1 1963
2 1793 2588
1 1965
3 261 5112 9012
1 1967
1 688
2 1969 5190
1 1342
1 1971
3 165 8180 9340
1 1973
2 1736 5664
2 1975 2728
2 1518 9242
2 1977 6170
1 1786
1 1979
3 855 2408 8752
2 1981 3272
2 334 2184
1 1983
2 1277 5908
2 1985 7370
1 1915
1 1987
1 714
1 1989
2 906 4126
1 1991
1 399
1 1993
3 1179 2892 6702
1 1995
3 697 2394 3390
1 1997
1 209
1 1999
1 1403
2 2001 2036
2 54 2428
2 2003 3028
1 1010
2 2005 5682
1 1444
1 2007
3 1586 2926 3342
3 2009 3388 7854
1 1889
2 2011 3892
1 838
2 2013 8318
1 1826
4 2015 2562 4238 8074
1 1466
1 2017
2 770 3220
1 2019
2 1194 2426
1 2021
1 631
1 2023
2 1843 3016
1 2025
2 1300 9566
2 2027 2908
2 1527 9560
1 2029
2 1764 4250
3 2031 8924 9078
2 1584 2920
1 2033
2 1200 8940
1 2035
1 734
3 2037 3706 6294
5 2000 2350 3974 4706 4976
2 2039 3690
2 289 2176
2 2041 2806
2 1644 7806
3 2043 3098 6528
2 1334 9800
1 2045
2 1225 4450
2 2047 2100
1 1319
1 2049
1 783
1 2051
1 1023
2 2053 5400
2 1232 3904
1 2055
1 1250
2 2057 5960
1 196
3 2059 6034 9568
2 831 6048
2 2061 2834
2 1738 2272
1 2063
2 949 3848
1 2065
2 17 3446
4 2067 2808 2936 3364
1 109
1 2069
1 1608
1 2071
1 494
1 2073
2 219 2880
2 2075 7106
1 1872
1 2077
2 179 8694
2 2079 4216
2 1274 3152
4 2081 2386 2746 6670
1 1657
1 2083
1 814
1 2085
1 1055
1 2087
1 1472
1 2089
1 652
2 2091 2594
1 174
2 2093 4788
2 821 2712
1 2095
1 1892
2 2097 3056
1 662
1 2099
1 1133
3 2101 2866 4964
1 2046
1 2103
1 1932
1 2105
1 1683
3 2107 2286 2338
3 998 3048 3994
2 2109 8128
1 1250
1 2111
2 713 5164
1 2113
1 254
1 2115
1 559
2 2117 4850
5 1863 2734 4370 4690 8046
1 2119
5 1418 2528 4814 5304 6200
2 2121 6512
1 1837
3 2123 7820 8170
2 1038 7996
2 2125 3958
1 1892
2 2127 7088
2 1746 2662
2 2129 6990
2 1744 6432
1 2131
1 1528
1 2133
1 1539
2 2135 9856
2 1363 6090
3 2137 2378 6428
1 979
2 2139 3374
3 318 3086 5284
2 2141 2422
1 698
1 2143
2 517 2954
1 2145
3 1414 3666 4836
1 2147
2 1833 7832
1 2149
1 326
4 2151 2978 5688 8614
1 1435
1 2153
2 778 7708
3 2155 4604 5478
1 322
1 2157
3 588 2802 4262
1 2159
3 1776 3662 6936
2 2161 7892
2 639 2960
3 2163 3236 5648
1 514
1 2165
1 1498
4 2167 3192 3646 3744
1 570
2 2169 2780
1 1773
2 2171 5802
2 1311 4722
1 2173
3 1018 5098 8462
2 2175 6536
2 1150 2994
2 2177 7464
1 2039
1 2179
1 573
2 2181 3002
2 1815 7050
1 2183
2 520 4228
1 2185
2 1981 6366
2 2187 2210
2 1753 2940
3 2189 4278 6938
2 476 5058
3 2191 2368 2722
2 1015 2292
1 2193
1 1020
1 2195
2 1417 5314
1 2197
2 240 2254
1 2199
3 1449 2858 8530
1 2201
1 1529
2 2203 4018
1 85
2 2205 9572
2 1766 9360
1 2207
3 36 2248 7010
1 2209
1 502
1 2211
1 2186
2 2213 2856
1 674
1 2215
1 283
1 2217
1 1950
2 2219 8420
4 1955 3944 6430 8926
1 2221
3 1866 5342 9180
2 2223 4950
1 1842
1 2225
2 1254 7130
2 2227 2794
2 1374 7152
1 2229
2 157 4242
2 2231 4680
2 1210 4248
2 2233 2502
2 1164 3734
1 2235
1 1845
1 2237
2 1446 2764
2 2239 2792
2 1878 4132
2 2241 5596
2 1057 6424
3 2243 4904 6794
1 426
2 2245 8096
2 779 2270
1 2247
1 826
4 2249 3340 3860 9546
1 2207
2 2251 2406
2 1395 3514
3 2253 4716 6968
2 483 6258
1 2255
2 2197 2278
2 2257 4770
3 153 3010 3792
1 2259
1 918
2 2261 3076
2 1479 3682
1 2263
1 1576
3 2265 4144 5330
1 1755
2 2267 7194
2 96 5716
2 2269 7274
1 377
2 2271 5714
3 2245 2614 3624
1 2273
3 2061 3208 8950
2 2275 6694
2 587 3338
1 2277
1 635
2 2279 3550
1 2255
2 2281 2720
1 458
2 2283 6484
2 145 5728
1 2285
4 693 2818 3654 4984
2 2287 9140
4 2106 3096 4540 4710
1 2289
4 7 4156 5432 9698
4 2291 2904 3188 4382
1 1680
3 2293 3536 8152
2 2191 2298
2 2295 2322
1 1953
1 2297
2 1769 4062
1 2299
1 2293
1 2301
1 811
1 2303
1 748
2 2305 3180
1 673
1 2307
2 1854 7314
1 2309
3 1749 5390 8238
3 2311 4682 5036
2 1542 5808
1 2313
1 1206
2 2315 4264
2 414 3716
3 2317 2508 4988
1 44
2 2319 3202
3 437 2852 3270
1 2321
1 1039
1 2323
3 2294 3578 5862
2 2325 9616
1 58
1 2327
1 366
3 2329 3532 6152
3 742 2778 7964
1 2331
1 1122
1 2333
3 408 4234 5924
2 2335 5548
1 908
2 2337 6056
3 317 4848 9492
1 2339
3 2106 3324 8636
2 2341 2626
3 553 2400 3294
2 2343 9758
4 1665 2576 3640 6326
1 2345
3 835 3410 7520
1 2347
2 575 3318
1 2349
2 277 4516
2 2351 7950
3 2037 4350 4620
1 2353
1 778
1 2355
1 150
2 2357 5966
2 990 3772
1 2359
4 1960 3976 8588 8734
3 2361 6238 9152
3 1228 3998 8742
2 2363 6966
2 818 5870
1 2365
2 403 3038
1 2367
4 51 5022 5382 9194
2 2369 9308
1 2190
2 2371 3788
2 1114 2518
2 2373 4792
3 1591 5270 9408
3 2375 3298 9538
1 432
1 2377
5 97 3444 3678 4056 4436
1 2379
3 2136 2572 5174
1 2381
1 554
2 2383 2924
2 96 4004
2 2385 4858
1 1944
1 2387
2 2080 2442
3 2389 4490 7522
1 1942
1 2391
1 107
1 2393
1 1013
1 2395
1 1995
4 2397 2872 3632 5710
3 109 2636 6572
1 2399
1 1196
1 2401
1 2341
1 2403
3 999 7390 9296
4 2405 2606 2632 7538
1 549
3 2407 5134 8394
1 2250
1 2409
1 1979
2 2411 7676
1 50
2 2413 4340
2 94 6902
2 2415 6862
1 1876
1 2417
3 1189 4118 8736
1 2419
2 1387 4870
3 2421 3692 5910
2 1224 9320
4 2423 4932 5256 9464
3 2140 4302 7258
1 2425
2 1550 4852
1 2427
4 2019 6836 9130 9260
1 2429
1 2001
1 2431
2 1816 5498
1 2433
1 966
1 2435
1 903
1 2437
1 190
1 2439
1 1911
1 2441
1 812
3 2443 3014 4912
2 2387 4358
2 2445 3206
2 1144 7856
1 2447
2 1229 3440
3 2449 4112 4818
2 173 5632
1 2451
1 232
5 2453 3282 4534 5104 5838
2 1700 7160
1 2455
1 807
2 2457 6666
1 89
2 2459 2486
4 863 5412 6402 8500
1 2461
2 1675 5238
2 2463 2492
1 196
1 2465
1 92
1 2467
1 78
1 2469
2 1475 5296
2 2471 3302
1 514
2 2473 3158
2 1219 6728
2 2475 2616
1 1459
1 2477
2 603 6318
1 2479
2 1646 4808
2 2481 3878
1 545
1 2483
3 1113 3304 5306
2 2485 5150
3 1726 6136 6630
1 2487
1 2458
2 2489 3790
3 457 7478 9034
3 2491 4454 6970
1 902
3 2493 5542 9778
1 2462
1 2495
1 166
2 2497 4584
1 56
2 2499 7808
1 1642
1 2501
2 1403 2888
1 2503
1 2232
1 2505
2 1808 8044
1 2507
1 338
3 2509 6504 7794
2 2316 2998
1 2511
2 114 2774
2 2513 7432
1 1345
1 2515
3 1713 5448 5514
1 2517
1 441
4 2519 2676 2968 8490
4 2371 4626 5054 5856
3 2521 4632 6674
1 1150
2 2523 2966
2 321 4020
1 2525
2 1904 2670
2 2527 7440
3 788 2646 7216
2 2529 4970
2 2119 7334
3 2531 2622 8438
3 1162 5758 9960
2 2533 4622
2 1188 5156
3 2535 3458 3542
3 1042 2962 4538
2 2537 7090
3 524 3372 4868
1 2539
1 552
1 2541
1 935
2 2543 6218
2 165 4552
1 2545
2 1514 5086
2 2547 6616
3 82 2958 6438
1 2549
2 37 5598
2 2551 5290
2 771 2726
2 2553 6790
2 1125 9614
2 2555 3548
1 1254
2 2557 9084
3 1537 3614 6910
1 2559
1 1281
2 2561 9070
1 1448
1 2563
2 2014 3222
2 2565 9870
1 937
1 2567
2 1040 3960
1 2569
1 690
3 2571 3168 5076
2 1340 3606
3 2573 7772 9910
1 2379
2 2575 4068
2 1753 4050
1 2577
1 2343
1 2579
2 1470 5316
1 2581
3 1618 2630 8766
1 2583
2 1089 3126
2 2585 2694
2 225 3990
1 2587
2 629 7840
1 2589
1 1963
1 2591
3 1844 3992 6894
2 2593 3006
2 864 9328
2 2595 4492
1 2090
1 2597
2 55 2736
4 2599 4368 6772 8984
1 293
1 2601
1 941
1 2603
2 573 4550
1 2605
1 251
2 2607 9784
1 2404
3 2609 2912 4866
1 693
2 2611 7166
1 321
1 2613
1 743
3 2615 2738 2742
1 2271
1 2617
1 2474
3 2619 2810 3170
2 1667 3020
2 2621 9966
4 210 8746 9066 9420
1 2623
3 2530 3362 3604
2 2625 4812
3 1936 2868 5158
2 2627 7508
3 2340 3000 6580
1 2629
2 1236 9000
3 2631 5202 5602
2 2581 6134
1 2633
3 2404 3080 4396
1 2635
1 449
2 2637 3766
3 2397 2928 8732
1 2639
2 1825 9088
1 2641
2 570 6742
1 2643
1 1892
1 2645
1 1134
1 2647
2 2527 5000
2 2649 2706
3 664 2766 5658
1 2651
1 1175
2 2653 5538
1 431
1 2655
1 190
1 2657
2 1796 5812
2 2659 5626
1 915
1 2661
2 205 8258
2 2663 8720
2 2127 5198
1 2665
2 1099 2830
2 2667 9582
2 675 6896
3 2669 4900 6036
2 1117 3528
1 2671
2 2525 4500
2 2673 4166
3 1572 4252 4720
1 2675
1 850
1 2677
2 2518 8586
3 2679 3144 9908
1 353
1 2681
1 1387
2 2683 2708
1 425
1 2685
1 1869
2 2687 3114
1 1596
3 2689 4348 8846
3 1756 4448 5372
3 2691 3140 6068
2 476 5254
1 2693
1 1187
2 2695 8472
2 2584 7622
1 2697
1 726
2 2699 9852
1 729
1 2701
1 1240
2 2703 6552
2 1045 3182
1 2705
1 341
1 2707
1 2648
1 2709
1 2682
1 2711
1 1567
2 2713 3428
2 2093 9896
1 2715
1 264
1 2717
2 1278 3884
1 2719
1 1606
2 2721 2800
1 2280
1 2723
1 2190
1 2725
2 118 3352
1 2727
2 2551 7142
2 2729 5892
1 1974
2 2731 8718
1 1369
1 2733
2 308 2982
1 2735
1 2117
1 2737
2 2597 7020
2 2739 4518
2 2614 9494
2 2741 3074
1 1117
1 2743
1 2614
2 2745 4104
3 1890 2850 4268
2 2747 8908
1 2080
1 2749
1 123
2 2751 8778
2 571 6522
1 2753
1 617
1 2755
4 866 5878 5894 9214
2 2757 4186
2 1573 8466
2 2759 8516
1 254
1 2761
2 1268 6566
2 2763 5620
1 1249
1 2765
1 2237
2 2767 3122
3 2649 7656 8402
1 2769
2 162 2916
5 2771 3046 3774 4758 9554
1 1358
4 2773 3210 4202 5550
2 1108 5358
1 2775
1 2511
2 2777 3190
3 955 5214 6230
3 2779 3214 3648
2 2329 7332
1 2781
1 2168
1 2783
2 1407 5364
2 2785 3012
1 1031
1 2787
1 1920
2 2789 8872
2 825 4666
3 2791 6520 7614
2 848 3852
4 2793 4210 5014 9814
1 2238
1 2795
1 2226
1 2797
1 1805
1 2799
2 1873 7600
2 2801 7458
1 2720
2 2803 3598
1 2157
1 2805
1 1252
1 2807
1 2040
1 2809
3 2066 9118 9608
3 2811 3156 9224
1 2618
1 2813
3 742 2884 7232
2 2815 3212
2 1305 4590
2 2817 6734
2 29 5476
3 2819 4882 6098
1 2285
2 2821 4878
3 67 3700 6078
2 2823 4918
1 1131
2 2825 8962
1 378
1 2827
1 1348
1 2829
1 1220
1 2831
2 2665 3488
1 2833
4 16 4542 5508 9048
1 2835
1 2060
1 2837
1 1562
2 2839 3758
1 578
1 2841
2 1222 4816
1 2843
1 210
1 2845
2 190 4594
2 2847 5388
2 1555 4530
2 2849 3752
1 1444
1 2851
2 2745 4208
3 2853 4554 7696
1 2319
1 2855
1 414
2 2857 3708
1 2212
2 2859 7824
1 2199
1 2861
1 1647
1 2863
2 1606 4884
1 2865
2 1025 3906
2 2867 8886
1 2100
3 2869 3932 7980
1 2625
1 2871
2 1780 8444
1 2873
2 2396 5460
1 2875
3 496 5470 7462
1 2877
1 737
2 2879 5830
1 1514
1 2881
1 2073
2 2883 6510
1 1478
1 2885
3 2813 2980 8692
2 2887 6018
1 1203
3 2889 5846 6818
1 2501
1 2891
3 1434 4712 8954
3 2893 3276 6024
2 1993 5212
2 2895 4394
2 742 6660
1 2897
2 1932 4572
2 2899 5292
1 1412
1 2901
1 1645
1 2903
1 750
1 2905
1 2290
3 2907 8956 9076
2 584 3814
1 2909
1 2026
1 2911
1 1680
1 2913
2 2608 6890
1 2915
1 1258
3 2917 3554 6164
1 2769
1 2919
2 935 4444
2 2921 6618
2 2031 6582
2 2923 7218
2 4 5402
2 2925 3196
1 2382
1 2927
1 2007
1 2929
3 2637 4196 9222
1 2931
1 1130
1 2933
1 1087
1 2935
1 640
2 2937 3110
2 2066 3930
1 2939
1 138
1 2941
2 2187 7122
2 2943 8860
2 972 3896
1 2945
4 1784 3872 4714 6160
4 2947 3058 4934 9054
1 1920
2 2949 4446
1 168
2 2951 5436
2 1482 7498
2 2953 5084
1 1924
1 2955
2 2143 3068
2 2957 6620
1 1779
3 2959 6606 7594
1 2547
1 2961
1 2161
2 2963 4452
1 2535
2 2965 9984
1 1233
1 2967
1 2522
1 2969
1 2518
4 2971 3404 3742 6722
1 1071
2 2973 8496
2 1062 7576
1 2975
1 607
1 2977
1 103
2 2979 5976
2 2150 9102
1 2981
1 2885
1 2983
2 2733 5044
2 2985 5814
1 1591
1 2987
1 51
2 2989 3316
1 1019
2 2991 6562
2 413 7326
2 2993 3490
3 1800 3262 5026
1 2995
1 2175
1 2997
2 1171 3100
3 2999 5528 7098
1 2509
1 3001
2 2627 5020
1 3003
1 2180
2 3005 8174
2 1864 3704
1 3007
1 2592
1 3009
3 531 4822 5050
2 3011 3832
2 2257 3456
2 3013 4668
1 2784
1 3015
2 2442 7752
1 3017
1 2023
2 3019 8302
2 1935 3508
1 3021
1 2619
1 3023
1 636
2 3025 5660
3 1090 5556 9256
2 3027 4778
2 434 4092
1 3029
1 2002
2 3031 4760
2 1287 9862
1 3033
2 480 5018
2 3035 4110
1 98
2 3037 7308
1 981
1 3039
1 2365
1 3041
1 389
3 3043 3050 3980
2 686 6746
1 3045
1 1276
1 3047
1 2770
2 3049 7460
3 2107 5950 6786
3 3051 3108 3748
1 3042
1 3053
1 1441
1 3055
1 560
3 3057 3602 4658
2 2096 3776
1 3059
1 2946
2 3061 6476
1 126
1 3063
2 1167 4842
1 3065
1 1235
2 3067 3252
1 455
1 3069
3 2955 4048 4124
1 3071
1 1273
4 3073 4826 6692 7364
2 309 9050
1 3075
1 2740
2 3077 4998
2 2260 3570
1 3079
3 1635 5168 8848
2 3081 9836
1 2633
2 3083 3658
2 565 6718
1 3085
2 1458 4316
1 3087
1 2139
3 3089 5080 7858
3 1390 3250 4558
1 3091
2 688 3858
1 3093
2 1635 4980
1 3095
1 977
2 3097 3506
1 2287
1 3099
2 2042 6276
3 3101 4828 5462
2 2997 9912
1 3103
2 252 3422
1 3105
1 1500
2 3107 7084
3 1466 5380 8148
2 3109 3862
2 3050 5500
2 3111 3326
2 2936 4046
4 3113 3376 4844 9646
3 1048 6460 6516
2 3115 6052
1 2686
2 3117 3952
2 528 8350
1 3119
1 1586
3 3121 5622 5778
1 1075
1 3123
3 2766 4694 8838
1 3125
2 93 4290
1 3127
1 2583
1 3129
2 1870 3588
1 3131
1 226
1 3133
2 1877 6962
1 3135
4 64 3234 5078 8198
2 3137 5040
1 1935
2 3139 5590
2 1474 7542
1 3141
1 2690
2 3143 8296
2 1527 8156
2 3145 5282
3 2678 4034 7734
1 3147
4 604 3680 5298 5356
2 3149 3526
1 981
3 3151 4608 5796
1 1801
1 3153
2 2079 3600
2 3155 5570
2 161 3292
1 3157
2 2810 5874
2 3159 8560
1 2472
1 3161
1 1560
3 3163 3474 5702
1 45
2 3165 3610
1 1057
2 3167 7006
1 505
3 3169 4080 7558
2 2570 3400
1 3171
1 2618
2 3173 4270
2 634 6904
1 3175
1 916
1 3177
4 703 3354 7070 8016
3 3179 3572 5048
1 1614
1 3181
1 2304
2 3183 6646
1 2703
1 3185
2 918 4612
1 3187
1 1009
1 3189
2 2290 4220
2 3191 5192
1 2776
1 3193
2 2166 3392
2 3195 3502
1 1122
2 3197 5100
2 2924 3676
1 3199
2 1398 3630
1 3201
1 89
1 3203
1 2318
2 3205 3830
2 343 5344
1 3207
2 2444 4524
2 3209 5850
1 2273
1 3211
2 2772 6308
1 3213
1 2814
2 3215 8468
2 2778 9414
1 3217
1 1244
2 3219 8888
3 871 4256 4644
1 3221
1 2017
2 3223 9948
1 2563
1 3225
1 799
3 3227 6540 9230
1 605
1 3229
3 1851 3642 6320
2 3231 5748
3 1656 6312 8192
1 3233
1 1836
2 3235 9936
1 3135
1 3237
3 2162 5124 8916
3 3239 4994 5312
2 548 5744
1 3241
1 1765
2 3243 5774
2 1766 8762
1 3245
2 40 3910
2 3247 7408
2 593 4638
2 3249 3620
1 1671
1 3251
2 3089 7662
1 3253
3 3066 4510 7716
2 3255 3336
3 1820 3582 5370
1 3257
1 1563
1 3259
1 874
1 3261
1 1124
1 3263
1 2993
1 3265
1 1674
1 3267
1 1105
1 3269
1 936
2 3271 9220
2 2319 8062
3 3273 3972 6464
2 1980 5588
1 3275
1 1271
2 3277 7624
3 2892 3344 4872
2 3279 9310
1 1391
2 3281 7684
2 413 8272
1 3283
1 2452
1 3285
1 881
1 3287
1 1089
3 3289 3356 3664
2 669 8206
3 3291 5582 7658
1 876
1 3293
1 3155
1 3295
1 2341
1 3297
1 1756
1 3299
2 2374 4484
1 3301
1 1952
1 3303
1 2470
2 3305 4640
2 2483 4028
1 3307
1 1156
2 3309 8224
3 519 4948 5200
3 3311 5294 9244
2 689 3414
1 3313
1 1180
1 3315
1 821
2 3317 7548
2 2988 7556
2 3319 4486
2 2347 5992
2 3321 4288
1 614
2 3323 5070
2 841 4536
2 3325 9002
1 2339
2 3327 7492
4 3110 3962 4400 5360
2 3329 7284
3 1435 9072 9916
1 3331
1 465
2 3333 6148
2 1168 8334
2 3335 7300
2 1237 8028
2 3337 4654
1 3254
1 3339
1 2275
1 3341
1 2248
1 3343
3 2007 4354 6266
1 3345
1 3277
1 3347
1 567
2 3349 4946
1 638
2 3351 9980
2 351 7560
1 3353
1 2725
2 3355 7680
2 3177 3746
2 3357 6310
2 3288 6782
1 3359
2 1710 3926
2 3361 3954
1 1844
2 3363 5446
1 2623
1 3365
3 2066 6774 7288
1 3367
1 716
4 3369 3568 5010 8348
1 518
1 3371
2 1574 5120
2 3373 9306
1 2537
1 3375
2 2138 5732
1 3377
2 3112 9150
2 3379 9690
1 384
1 3381
1 1489
1 3383
1 1210
1 3385
1 146
1 3387
3 1622 5922 7182
3 3389 5864 7398
1 2008
1 3391
1 1995
1 3393
1 3193
2 3395 5746
1 1881
3 3397 7922 9938
1 818
1 3399
1 768
1 3401
2 3169 9176
2 3403 6916
3 786 3970 4276
1 3405
1 2970
1 3407
2 598 6730
2 3409 6542
1 1875
2 3411 5310
1 2345
3 3413 4010 6480
1 226
1 3415
2 3311 8032
1 3417
1 223
2 3419 3638
1 1745
2 3421 4854
1 1545
2 3423 7176
3 3103 6830 8906
1 3425
1 135
1 3427
1 1713
1 3429
1 2712
1 3431
4 1081 4094 6128 9082
1 3433
2 1397 5274
1 3435
1 1185
1 3437
1 107
1 3439
1 45
2 3441 3594
4 2447 4938 6228 9880
3 3443 5376 5872
2 190 7802
1 3445
3 2377 4158 9116
3 3447 3452 8008
1 2065
2 3449 4920
3 1494 6898 7692
1 3451
4 1768 8558 8946 9802
2 3453 9666
1 3446
2 3455 4780
1 745
1 3457
1 3011
1 3459
1 2534
1 3461
2 1173 7928
1 3463
1 350
1 3465
2 1645 4162
3 3467 6000 9934
1 723
2 3469 5064
1 1774
3 3471 3530 4786
1 1952
1 3473
1 1498
3 3475 4138 7184
1 3162
2 3477 7352
4 792 8390 9428 9918
1 3479
1 1624
2 3481 6144
2 490 3636
1 3483
1 959
1 3485
1 424
2 3487 3728
3 36 3806 6720
1 3489
2 2831 4774
1 3491
2 2992 5028
5 3493 3544 3672 3674 6222
1 1676
1 3495
1 1701
1 3497
1 1886
1 3499
1 1198
2 3501 3612
1 1849
1 3503
2 3194 7186
1 3505
2 1659 5520
1 3507
1 3096
1 3509
2 3019 5782
1 3511
3 1702 6946 7196
1 3513
1 191
1 3515
1 2251
1 3517
1 138
2 3519 6446
3 1096 4160 4898
1 3521
2 760 9398
2 3523 4962
3 1479 5248 9806
3 3525 3828 4782
3 691 3804 4294
1 3527
2 3148 4344
2 3529 3710
1 2669
1 3531
1 3470
1 3533
3 2328 5138 8470
1 3535
1 773
3 3537 3618 4140
2 2292 6182
2 3539 5932
1 988
1 3541
2 996 4532
1 3543
2 2534 3786
1 3545
1 3492
1 3547
4 1330 4502 4740 7204
1 3549
1 2554
2 3551 6118
2 2278 5454
1 3553
2 183 7156
1 3555
3 2916 5990 8294
1 3557
4 1141 4232 4748 8312
1 3559
2 1108 5042
1 3561
1 924
1 3563
1 1709
1 3565
1 1920
2 3567 6014
1 222
1 3569
1 3368
2 3571 5484
1 3077
2 3573 5760
1 3178
1 3575
1 209
2 3577 7652
1 1813
4 3579 7518 7754 8196
1 2323
3 3581 7138 9010
2 912 3946
3 3583 6282 6622
1 3255
1 3585
1 491
1 3587
1 559
1 3589
1 3129
1 3591
2 719 7670
2 3593 8754
1 1910
1 3595
3 3440 3622 4924
1 3597
1 1784
1 3599
2 2802 3628
1 3601
1 3153
2 3603 8540
2 3056 7900
3 3605 5642 6634
2 2623 8138
3 3607 8404 8870
1 2571
1 3609
1 1555
1 3611
1 3164
4 3613 5072 5232 8930
2 3500 4022
3 3615 6042 7910
1 2557
1 3617
1 436
1 3619
4 3536 5492 8750 9772
2 3621 8304
1 3248
1 3623
2 3595 6426
2 3625 4478
2 2271 7934
2 3627 4024
1 800
2 3629 4374
1 3599
3 3631 4880 8606
1 3199
1 3633
1 2396
2 3635 5618
1 1034
1 3637
1 3481
2 3639 7210
2 3418 5740
1 3641
1 2343
1 3643
2 3229 6372
1 3645
2 895 7790
2 3647 6888
2 2166 8414
2 3649 6086
1 2778
1 3651
2 1810 4060
2 3653 5522
3 233 3986 8460
3 3655 3718 5368
1 2285
1 3657
1 555
1 3659
2 3082 5472
1 3661
1 1154
1 3663
1 2159
1 3665
1 3288
1 3667
1 2145
1 3669
3 1258 4460 6764
3 3671 4170 7496
1 975
1 3673
1 3492
3 3675 4968 5488
1 3492
3 3677 4038 6716
2 3197 4280
2 3679 7700
1 2377
1 3681
2 3147 7128
1 3683
1 2261
1 3685
2 1028 6316
1 3687
1 716
1 3689
1 980
1 3691
2 2038 5090
3 3693 8158 9022
1 2420
1 3695
1 1191
1 3697
1 1079
3 3699 4330 6274
1 1511
1 3701
1 2821
1 3703
1 308
2 3705 4006
2 3005 8230
2 3707 9688
1 2036
1 3709
2 2856 9144
2 3711 5754
2 3528 5450
2 3713 7672
2 71 4328
1 3715
1 661
5 3717 4142 5948 7602 8136
1 2315
2 3719 4810
1 3654
2 3721 4636
2 1309 4978
2 3723 9900
2 677 4916
2 3725 3888
1 1632
2 3727 4404
1 513
1 3729
1 3486
1 3731
2 1389 5152
1 3733
3 572 5822 6976
1 3735
3 2233 4432 7916
2 3737 5024
3 838 4456 5772
1 3739
1 70
1 3741
1 1530
1 3743
1 2970
1 3745
1 2166
1 3747
2 3355 4772
2 3749 7228
1 3050
1 3751
1 1265
2 3753 6044
2 2848 4944
1 3755
1 527
1 3757
1 267
1 3759
1 2838
3 3761 5012 5278
1 1034
1 3763
1 369
1 3765
2 1602 6908
1 3767
1 2636
2 3769 8476
2 1157 4420
2 3771 4874
1 1611
1 3773
2 2357 5902
1 3775
2 2770 4902
2 3777 7512
1 3057
1 3779
3 767 4440 6704
1 3781
1 1288
1 3783
1 305
1 3785
2 1138 8840
2 3787 4058
1 3543
1 3789
1 2370
1 3791
1 2488
1 3793
1 2257
1 3795
1 477
3 3797 6346 9476
1 2
1 3799
2 1844 4122
1 3801
1 846
1 3803
1 1108
2 3805 4044
1 3525
1 3807
1 3487
3 3809 4154 4498
1 1057
2 3811 9696
3 751 4272 7866
1 3813
1 1947
1 3815
1 2907
1 3817
1 1649
1 3819
1 964
1 3821
2 1283 8290
1 3823
1 1008
2 3825 3864
2 477 4086
2 3827 4096
1 262
1 3829
1 3524
1 3831
1 3204
1 3833
2 3010 4398
1 3835
3 49 4646 5348
2 3837 7150
2 529 7348
2 3839 7868
1 121
2 3841 7424
2 1664 4226
2 3843 6404
1 1574
2 3845 5092
1 933
3 3847 3940 5334
1 125
2 3849 7062
1 2063
1 3851
1 1825
1 3853
2 2791 5060
1 3855
1 182
1 3857
2 974 8378
1 3859
1 3091
1 3861
1 2248
1 3863
1 3108
1 3865
1 3824
1 3867
2 1819 4458
1 3869
1 810
2 3871 5964
1 554
2 3873 8282
1 2945
2 3875 7710
1 1253
1 3877
1 974
1 3879
1 2480
2 3881 6864
2 1505 6374
2 3883 6286
1 599
2 3885 7250
2 2717 6150
1 3887
2 539 8566
2 3889 8528
1 3724
1 3891
1 436
1 3893
1 2010
1 3895
1 1007
2 3897 5652
1 2943
1 3899
1 55
1 3901
1 759
2 3903 6594
2 1867 4188
1 3905
1 2053
1 3907
1 2865
1 3909
2 1043 4578
1 3911
2 3245 5332
3 3913 3950 5142
1 698
1 3915
2 690 7874
1 3917
2 431 9466
3 3919 8248 8928
1 1295
1 3921
1 1736
3 3923 6604 8944
1 557
1 3925
1 1851
3 3927 5490 6588
1 3359
1 3929
2 1510 4504
1 3931
1 2937
2 3933 3964
2 2868 7052
1 3935
1 1559
1 3937
2 974 7966
1 3939
1 1917
2 3941 5426
2 3846 7220
1 3943
1 521
1 3945
1 2219
2 3947 4616
2 3581 4384
2 3949 9236
1 1110
2 3951 7282
1 3912
3 3953 6698 7114
1 3116
2 3955 5324
2 3360 6952
1 3957
1 247
1 3959
2 2124 8336
2 3961 9996
2 2567 8798
1 3963
1 3327
1 3965
3 3932 4392 4466
1 3967
1 1583
2 3969 4102
1 1814
1 3971
2 3403 4152
1 3973
1 3272
3 3975 4360 6642
2 2037 8030
1 3977
2 2359 4390
1 3979
4 796 4222 5038 5574
2 3981 7740
2 3042 3982
2 3983 5468
2 3981 4952
1 3985
2 1114 6388
1 3987
1 3653
2 3989 4756
1 691
1 3991
1 2585
1 3993
2 2591 5102
1 3995
2 2107 8416
1 3997
1 1681
2 3999 5852
1 2361
2 4001 9734
1 557
2 4003 5374
5 602 6130 8276 8432 8706
1 4005
1 2383
1 4007
1 3704
1 4009
2 1847 5222
1 4011
1 3412
1 4013
2 1693 4054
2 4015 7504
1 1686
1 4017
2 686 7486
1 4019
2 2202 5430
2 4021 4610
1 2523
2 4023 6632
1 3613
3 4025 8570 8712
2 3626 4796
1 4027
1 1706
1 4029
1 3305
3 4031 6948 6956
3 332 4286 8758
1 4033
1 1105
1 4035
5 3145 4726 6560 7534 7664
1 4037
2 55 5696
1 4039
4 3676 8286 8512 9994
2 4041 7008
1 877
1 4043
1 1319
1 4045
1 3804
1 4047
1 3111
2 4049 4708
1 3069
2 4051 4240
1 2575
1 4053
4 788 5676 6032 6088
1 4055
3 4013 5300 7972
2 4057 7456
1 2377
1 4059
1 3786
4 4061 4212 4856 5628
1 3651
2 4063 8288
1 2297
1 4065
1 1742
1 4067
1 1447
4 4069 4724 5516 6280
1 2574
2 4071 7632
2 303 5266
3 4073 6514 6978
1 1302
2 4075 5580
3 1747 4592 6498
1 4077
1 1496
2 4079 4180
1 234
2 4081 6418
1 3168
1 4083
1 464
1 4085
1 990
3 4087 6392 9280
1 3825
1 4089
1 937
3 4091 4246 6252
1 1020
1 4093
2 3027 9516
1 4095
3 3431 6832 7316
1 4097
1 3826
2 4099 5612
1 14
1 4101
1 1179
1 4103
3 3968 6614 7582
1 4105
1 2744
1 4107
1 1457
1 4109
1 1169
1 4111
1 3034
2 4113 6180
3 2448 7952 8836
1 4115
1 1879
1 4117
1 1885
2 4119 5108
2 2417 8200
1 4121
1 1894
2 4123 9590
1 3799
1 4125
2 3069 4462
3 4127 4260 6878
1 1989
1 4129
1 601
2 4131 4676
2 61 6306
1 4133
1 2239
1 4135
1 1406
2 4137 6920
1 1212
1 4139
2 3474 5644
1 4141
2 3536 8064
2 4143 6376
1 3716
1 4145
1 2264
2 4147 4320
1 1899
1 4149
2 1176 8708
1 4151
3 483 7400 8828
1 4153
1 3971
1 4155
3 3808 6442 7030
1 4157
2 2289 4334
2 4159 6186
1 3445
1 4161
2 3519 5486
1 4163
1 3465
1 4165
1 1727
1 4167
1 2672
1 4169
1 1706
3 4171 6114 7962
1 3670
2 4173 6176
1 1425
2 4175 4996
1 903
1 4177
1 536
1 4179
2 1922 6196
2 4181 6132
1 4078
2 4183 9754
2 1753 6168
2 4185 4956
1 1545
1 4187
1 2756
4 4189 5414 6264 6986
1 3903
1 4191
1 743
1 4193
1 567
1 4195
1 986
2 4197 8922
1 2929
1 4199
1 1680
1 4201
1 1415
2 4203 8796
1 2772
3 4205 5194 5734
1 193
1 4207
1 1589
1 4209
1 2851
2 4211 6112
1 2792
1 4213
2 4060 5544
1 4215
1 255
2 4217 4704
3 2078 8494 9612
1 4219
1 138
1 4221
1 3189
1 4223
1 3979
2 4225 4700
2 1631 5610
1 4227
2 3841 5184
1 4229
1 2183
2 4231 4308
2 225 7198
1 4233
1 3557
1 4235
1 2333
1 4237
1 1526
2 4239 7396
1 2014
1 4241
1 4050
2 4243 9218
1 2229
1 4245
1 1888
1 4247
1 4090
3 4249 4520 6672
1 2231
1 4251
1 2029
1 4253
1 2673
1 4255
1 541
1 4257
1 3219
2 4259 7110
1 1283
3 4261 4960 6104
1 4126
1 4263
1 2157
1 4265
1 2314
2 4267 9742
2 1322 7562
1 4269
1 2745
1 4271
1 3172
2 4273 6124
2 3811 9700
3 4275 5178 6602
1 271
2 4277 7750
1 3403
2 4279 6110
1 2188
1 4281
2 3677 5764
1 4283
1 1753
1 4285
2 1315 5914
3 4287 6208 7034
3 4031 6122 7376
2 4289 9250
2 3320 9598
2 4291 7280
2 3125 8982
3 4293 4702 5634
1 1173
2 4295 8618
1 3525
1 4297
2 1105 9410
2 4299 7068
2 185 6342
1 4301
1 782
1 4303
2 2423 5700
5 4305 4618 4730 5680 8864
2 941 6334
1 4307
3 1397 7366 8568
2 4309 7588
1 4230
2 4311 7726
2 1768 5606
1 4313
1 1149
1 4315
1 705
1 4317
2 3085 4332
2 4319 4664
1 1861
3 4321 4356 4564
1 4146
1 4323
2 1773 8696
1 4325
2 1256 4442
1 4327
1 267
2 4329 7004
2 3713 4600
1 4331
1 3698
1 4333
1 4317
1 4335
2 4157 5276
1 4337
1 381
1 4339
2 517 6524
1 4341
2 2412 8626
1 4343
1 1372
1 4345
1 3527
1 4347
2 1931 6440
2 4349 9238
1 2688
1 4351
1 2351
2 4353 7012
1 1047
3 4355 6574 6900
2 3343 6508
2 4357 4528
2 4320 6330
1 4359
1 2443
2 4361 5868
1 3974
1 4363
1 758
1 4365
1 339
1 4367
1 262
1 4369
1 2598
1 4371
1 2117
2 4373 4686
1 136
2 4375 4422
1 3628
1 4377
1 252
1 4379
1 1426
1 4381
2 693 6232
1 4383
2 2290 8050
2 4385 7126
1 3947
2 4387 5030
2 614 6352
2 4389 6532
1 1040
2 4391 7762
1 3977
1 4393
2 3965 7954
2 4395 5730
2 2894 9640
2 4397 6050
1 2633
1 4399
1 3833
1 4401
2 3327 8876
1 4403
1 1182
2 4405 6914
2 3726 9532
1 4407
1 1263
2 4409 6350
2 1242 9362
1 4411
1 1567
1 4413
1 649
2 4415 7924
1 1669
1 4417
1 678
1 4419
1 1322
2 4421 5554
1 3769
1 4423
1 4374
1 4425
1 1358
1 4427
1 365
1 4429
1 1742
1 4431
1 299
2 4433 5110
2 3735 4794
1 4435
2 1550 6474
2 4437 9204
2 2377 5804
1 4439
1 869
3 4441 4642 5068
1 3779
1 4443
1 4325
1 4445
1 2919
1 4447
1 2948
1 4449
1 2689
1 4451
1 2045
1 4453
1 2962
1 4455
1 2490
1 4457
1 3737
1 4459
1 3867
3 4461 9064 9860
3 3669 4476 4928
1 4463
1 4125
2 4465 5130
1 1281
1 4467
1 3965
1 4469
1 1476
2 4471 9396
2 776 7946
3 4473 6884 7644
2 258 8108
1 4475
1 806
1 4477
1 4461
1 4479
1 3624
1 4481
1 259
1 4483
2 1123 5438
1 4485
1 3299
1 4487
2 3318 8208
3 4489 5216 8330
1 176
1 4491
2 2388 9120
1 4493
1 2594
1 4495
1 1358
2 4497 7678
2 265 5646
1 4499
1 3808
2 4501 7636
1 2671
1 4503
2 3547 7254
1 4505
2 3929 5482
2 4507 5792
1 603
1 4509
1 355
1 4511
2 3253 6690
1 4513
2 582 4862
2 4515 9692
2 1791 5848
2 4517 4798
1 2349
2 4519 7788
1 2738
1 4521
2 4248 5800
3 4523 5954 9124
2 520 9200
3 4525 6390 8958
1 3207
1 4527
1 1657
1 4529
1 4356
1 4531
1 2847
2 4533 5624
1 3541
1 4535
1 2452
1 4537
1 3323
1 4539
1 2535
1 4541
1 2287
3 4543 8640 9524
2 2833 5510
1 4545
2 1767 9534
1 4547
2 1021 6066
2 4549 7898
1 378
1 4551
2 2603 7302
1 4553
2 2543 7516
1 4555
1 2852
1 4557
3 1536 6998 9184
2 4559 5494
1 3089
1 4561
1 1091
1 4563
1 106
2 4565 4728
1 4320
1 4567
1 1052
1 4569
1 1905
1 4571
1 696
1 4573
3 2897 5416 8204
3 4575 6188 9390
1 150
1 4577
2 1028 4864
1 4579
1 3909
1 4581
2 129 4896
1 4583
1 1483
1 4585
1 2496
1 4587
2 882 8396
1 4589
1 514
1 4591
2 2815 9978
1 4593
1 4075
1 4595
1 2845
2 4597 5576
4 310 6008 7640 9780
1 4599
1 486
1 4601
2 4329 4908
2 4603 4672
1 598
1 4605
1 2154
1 4607
1 1890
2 4609 6736
1 3150
1 4611
1 4020
1 4613
1 3185
1 4615
4 1095 4696 5004 7990
2 4617 9258
1 3946
2 4619 9284
1 4304
1 4621
1 2351
2 4623 5062
1 2532
1 4625
1 1241
1 4627
2 2519 9334
1 4629
1 507
2 4631 9202
2 1775 6038
2 4633 5826
1 2520
2 4635 6684
2 1859 7322
1 4637
1 3720
3 4639 5722 8978
1 3247
1 4641
1 3304
1 4643
1 4440
1 4645
2 3219 7860
3 4647 6652 8228
1 3835
1 4649
1 410
1 4651
1 610
3 4653 7374 8374
1 1852
1 4655
1 3336
1 4657
1 1471
1 4659
1 3056
3 4661 6382 9774
1 1732
2 4663 5146
1 1261
2 4665 8702
1 4318
1 4667
1 2789
1 4669
2 3012 8482
1 4671
1 58
1 4673
2 4602 9158
3 4675 8676 9556
2 1439 9388
1 4677
1 4130
1 4679
2 1103 9848
1 4681
1 2230
3 4683 5968 6004
1 2310
1 4685
1 1581
2 4687 9286
1 4372
2 4689 5338
2 514 5936
1 4691
2 2117 6926
1 4693
1 396
1 4695
3 3123 5512 5724
2 4697 9006
2 4615 6808
1 4699
2 1822 6492
1 4701
1 4224
1 4703
3 4292 8130 9840
1 4705
1 4216
1 4707
1 2037
3 4709 5094 8616
1 4048
1 4711
2 2287 7402
1 4713
1 2891
2 4715 6478
1 2945
1 4717
1 2252
3 4719 5034 8298
1 1379
2 4721 6994
2 2673 6194
1 4723
1 2171
1 4725
1 4068
1 4727
1 4035
1 4729
2 4564 7960
1 4731
1 4304
1 4733
1 538
1 4735
2 100 9266
1 4737
1 988
2 4739 4888
1 1540
1 4741
1 3547
2 4743 5726
1 342
3 4745 5474 6548
1 34
2 4747 5162
1 624
1 4749
2 3557 4834
1 4751
1 1665
2 4753 7570
1 730
1 4755
2 1810 5280
2 4757 5206
2 3988 4940
2 4759 6324
2 2770 6074
3 4761 6608 7526
1 3030
1 4763
2 1026 5464
1 4765
2 240 7744
1 4767
2 1284 6486
2 4769 8740
1 1656
1 4771
1 2256
1 4773
1 3747
1 4775
1 3489
3 4777 5836 8080
1 39
1 4779
1 3026
1 4781
1 3454
1 4783
1 3524
1 4785
2 1023 6006
2 4787 6628
1 3470
1 4789
1 2092
2 4791 7266
1 440
1 4793
1 2372
2 4795 6314
1 4433
1 4797
1 4025
1 4799
1 4516
1 4801
2 161 4974
1 4803
2 1722 8852
1 4805
2 850 5638
2 4807 6732
2 1175 8830
1 4809
2 2479 5362
2 4811 8878
1 3718
2 4813 7240
1 2624
1 4815
1 2119
1 4817
1 2841
1 4819
2 2448 5008
1 4821
1 855
1 4823
1 3009
2 4825 8858
3 1863 8190 8630
1 4827
2 3072 8536
1 4829
2 3100 9930
1 4831
1 1346
1 4833
1 164
2 4835 6022
2 4749 6062
1 4837
1 2145
1 4839
1 1143
1 4841
1 1857
1 4843
1 3063
1 4845
1 3112
1 4847
1 764
2 4849 8442
1 2337
1 4851
1 2116
1 4853
1 2425
1 4855
1 3420
1 4857
1 4060
1 4859
3 2384 8510 9208
2 4861 9290
2 1526 9134
2 4863 8988
1 4513
1 4865
1 4577
1 4867
1 2608
1 4869
3 2537 5052 9038
1 4871
2 2419 5980
1 4873
1 3277
1 4875
1 3770
1 4877
1 1189
1 4879
1 2820
2 4881 7208
1 3630
1 4883
2 2818 5502
1 4885
2 2863 6950
1 4887
1 860
1 4889
3 4738 4894 8662
1 4891
2 163 6146
2 4893 6648
2 640 7324
2 4895 6262
1 4889
2 4897 6456
1 4581
1 4899
2 3519 6740
1 4901
2 2668 9728
2 4903 8240
1 3775
1 4905
2 2242 6826
1 4907
1 25
1 4909
1 4601
1 4911
2 245 9240
1 4913
1 2442
1 4915
2 1105 6784
1 4917
1 3723
1 4919
1 2822
2 4921 7066
2 3448 6852
1 4923
1 1838
2 4925 5268
1 3595
2 4927 7000
1 1853
2 4929 9446
1 4461
3 4931 6040 6988
1 290
2 4933 7102
1 2422
1 4935
1 2946
1 4937
1 40
2 4939 9606
2 3441 8632
1 4941
1 4757
3 4943 5144 6974
1 1749
2 4945 5220
1 3753
1 4947
1 3348
1 4949
1 3309
1 4951
1 2222
1 4953
1 3983
1 4955
1 1643
1 4957
2 4184 6422
3 4959 5166 9868
1 571
1 4961
1 4260
2 4963 7224
1 3522
1 4965
1 2100
1 4967
1 1609
1 4969
1 3674
1 4971
1 2528
1 4973
1 573
1 4975
1 4801
1 4977
1 2037
2 4979 5766
1 3721
1 4981
2 3093 5428
2 4983 5506
1 1949
1 4985
3 2285 5666 8048
1 4987
1 140
1 4989
2 2316 7484
1 4991
1 1799
1 4993
1 196
2 4995 5824
1 3238
2 4997 6584
1 4174
1 4999
2 3076 8106
1 5001
1 2647
2 5003 7200
1 716
2 5005 6178
1 4615
2 5007 5226
1 263
1 5009
1 4819
1 5011
1 3368
1 5013
2 3760 9276
1 5015
1 2792
2 5017 5424
1 1659
1 5019
1 3033
1 5021
1 3001
1 5023
2 2367 8668
1 5025
2 3736 8392
3 5027 6362 8054
1 2993
1 5029
1 3491
1 5031
1 4386
1 5033
2 1263 8628
3 5035 6260 8172
1 4718
1 5037
1 2310
1 5039
1 3979
1 5041
1 3136
1 5043
1 3559
2 5045 6748
1 2983
1 5047
1 503
2 5049 5600
1 3178
1 5051
3 3009 7812 9358
2 5053 5690
2 4869 6612
1 5055
2 2519 8344
2 5057 8784
1 1526
1 5059
1 2189
1 5061
1 3853
1 5063
1 4622
1 5065
1 3468
1 5067
2 146 7642
3 5069 6778 8428
1 4440
1 5071
1 3322
2 5073 8548
1 3612
1 5075
1 449
2 5077 8078
1 2570
2 5079 7330
1 3135
1 5081
2 3088 5336
1 5083
3 1687 7072 8098
1 5085
1 2952
2 5087 9342
1 2545
2 5089 6664
1 1408
1 5091
1 3691
2 5093 7888
1 3844
1 5095
3 4708 5466 8698
1 5097
1 192
1 5099
1 2173
1 5101
1 3196
1 5103
1 3993
2 5105 5896
1 2452
1 5107
2 1842 9756
1 5109
1 4118
1 5111
2 4432 5594
2 5113 5154
1 1965
1 5115
1 645
2 5117 7712
2 98 8160
3 5119 6960 9114
2 1146 6108
1 5121
1 3371
1 5123
1 1623
2 5125 6942
1 3237
4 5127 6436 6758 9330
1 778
1 5129
2 1608 6046
2 5131 5234
1 4464
1 5133
1 1260
1 5135
2 2406 5244
1 5137
1 1687
1 5139
1 3533
1 5141
1 1778
1 5143
1 3912
1 5145
2 4942 7510
2 5147 5996
1 4662
1 5149
1 1844
2 5151 8764
1 2484
1 5153
1 3731
1 5155
1 5112
1 5157
2 2533 6570
2 5159 8674
1 2625
1 5161
1 1409
1 5163
1 4746
2 5165 6980
1 2111
1 5167
1 4958
1 5169
1 3079
1 5171
2 1830 9248
1 5173
1 1849
1 5175
1 2379
1 5177
1 328
1 5179
1 4274
1 5181
1 565
1 5183
1 409
2 5185 8478
1 4227
1 5187
2 834 6776
1 5189
1 1496
1 5191
1 1968
1 5193
1 3190
1 5195
1 4204
1 5197
1 176
1 5199
1 2663
2 5201 9708
2 3309 6224
1 5203
1 2630
1 5205
1 631
1 5207
1 4756
1 5209
1 680
1 5211
1 1140
1 5213
2 2893 7870
1 5215
2 2777 5452
1 5217
2 4488 6322
1 5219
1 1158
1 5221
1 4944
2 5223 6538
1 4009
1 5225
1 306
1 5227
1 5006
1 5229
1 1880
2 5231 9272
1 1577
1 5233
1 3612
1 5235
1 5130
2 5237 6678
1 363
1 5239
2 2461 8790
1 5241
1 592
1 5243
1 1214
1 5245
3 5135 5458 9596
1 5247
1 1557
1 5249
1 3523
1 5251
1 1635
1 5253
1 1527
2 5255 9528
1 2691
1 5257
2 2422 8222
2 5259 8006
1 627
1 5261
1 1710
2 5263 6656
1 249
1 5265
3 1413 6768 7060
1 5267
2 4071 7598
2 5269 8214
1 4924
1 5271
1 2373
1 5273
2 1135 9670
1 5275
2 3433 7728
1 5277
1 4335
2 5279 7032
1 3760
1 5281
1 4755
2 5283 7038
2 3144 7724
1 5285
1 2139
1 5287
3 390 5386 8786
1 5289
1 1496
1 5291
1 2550
2 5293 5670
1 2898
1 5295
2 3310 9226
1 5297
1 2469
3 5299 6302 7480
1 3147
1 5301
3 4055 7592 9270
2 5303 5422
2 246 9406
1 5305
1 2119
1 5307
1 2483
2 5309 7238
1 742
1 5311
1 3410
2 5313 7022
1 3238
2 5315 5842
2 2195 6724
1 5317
2 2579 9712
3 5319 6598 8810
1 466
2 5321 6868
1 1870
1 5323
1 1217
1 5325
2 3954 5366
2 5327 7286
1 1520
2 5329 8178
2 1251 9658
2 5331 6450
1 2264
2 5333 9766
2 3911 6248
1 5335
1 3846
2 5337 9736
1 5081
1 5339
1 4688
1 5341
1 1343
1 5343
2 2221 9676
1 5345
1 3205
1 5347
1 746
1 5349
1 3835
1 5351
1 644
1 5353
2 1496 7028
1 5355
1 870
2 5357 7046
1 3147
1 5359
2 2773 7340
1 5361
1 3327
1 5363
2 4809 7360
2 5365 8902
1 2783
1 5367
1 5325
1 5369
2 3654 6296
1 5371
1 3255
1 5373
1 2689
1 5375
1 4002
1 5377
1 3442
2 5379 5504
1 427
2 5381 6204
2 3107 7136
1 5383
2 2367 6348
2 5385 9898
1 959
3 5387 7434 7436
1 5287
1 5389
1 2846
1 5391
1 2309
2 5393 8274
1 850
1 5395
4 463 6030 7124 7978
1 5397
1 575
1 5399
1 669
1 5401
1 2052
2 5403 6870
1 2923
1 5405
1 629
1 5407
1 1291
1 5409
1 1534
1 5411
1 1004
1 5413
1 2459
1 5415
2 4188 9998
1 5417
1 4573
1 5419
2 676 5692
1 5421
1 1525
1 5423
1 5302
1 5425
1 5016
1 5427
1 3940
3 5429 6804 7618
1 4981
1 5431
1 4019
2 5433 8514
1 2289
1 5435
1 1270
1 5437
1 2950
2 5439 7104
2 4483 8714
1 5441
1 1396
3 5443 5934 6636
1 795
1 5445
3 1783 7420 7766
1 5447
1 3362
1 5449
2 2515 5912
1 5451
2 3711 6844
1 5453
1 5215
2 5455 7108
1 3551
1 5457
1 1426
1 5459
1 5245
1 5461
1 2873
1 5463
1 3100
1 5465
3 4763 6102 9254
1 5467
2 5095 5496
2 5469 7118
1 3982
1 5471
1 2875
1 5473
2 3659 9162
1 5475
1 4744
1 5477
1 2817
1 5479
2 2154 9588
1 5481
2 566 7246
1 5483
1 4505
1 5485
2 3570 5768
1 5487
1 4161
2 5489 8212
1 3674
1 5491
3 3926 8104 8644
2 5493 7998
2 3619 6858
2 5495 8822
1 4558
1 5497
1 5467
1 5499
2 2431 8292
1 5501
1 3109
1 5503
2 4883 5536
1 5505
1 5378
1 5507
2 4982 6198
1 5509
1 2833
1 5511
1 4543
1 5513
1 4695
1 5515
1 2515
1 5517
1 4068
1 5519
2 1907 6398
1 5521
1 3505
3 5523 9434 9738
2 3652 9086
1 5525
1 704
2 5527 6544
1 1397
1 5529
1 2998
1 5531
1 1508
1 5533
1 1006
2 5535 8890
3 696 7756 9972
1 5537
1 5503
1 5539
1 2652
2 5541 5790
1 340
1 5543
1 2492
1 5545
1 4213
1 5547
1 222
1 5549
1 2334
1 5551
1 2772
1 5553
2 1792 5982
1 5555
1 4420
1 5557
1 3025
1 5559
2 34 6766
2 5561 9188
1 1642
1 5563
1 1850
1 5565
1 1930
1 5567
4 1094 6944 7472 7848
1 5569
1 1244
2 5571 9586
1 3154
1 5573
1 1463
1 5575
1 3979
2 5577 5930
1 4596
1 5579
1 1253
1 5581
1 4074
1 5583
1 3290
3 5585 6546 8014
2 249 6490
1 5587
1 389
1 5589
1 3273
1 5591
2 3138 7682
3 5593 6592 6600
1 597
1 5595
2 5111 8552
1 5597
1 2240
2 5599 5736
1 2549
1 5601
1 5048
1 5603
2 2630 8176
1 5605
1 1870
1 5607
1 4311
2 5609 5668
1 154
1 5611
1 4225
1 5613
2 4098 8022
1 5615
1 463
1 5617
2 1352 9472
1 5619
1 3634
2 5621 7292
1 2762
1 5623
2 3120 7392
1 5625
1 4532
1 5627
1 2658
1 5629
1 4060
3 5631 5920 6554
1 721
1 5633
1 2449
1 5635
1 4292
1 5637
1 688
1 5639
1 4805
1 5641
1 631
1 5643
1 3604
1 5645
2 4139 7970
1 5647
1 4497
1 5649
1 2162
2 5651 6120
1 1489
1 5653
1 3896
1 5655
1 840
1 5657
2 472 8572
1 5659
1 2649
1 5661
1 3024
2 5663 5906
1 1471
1 5665
1 1973
1 5667
1 4985
1 5669
1 5608
1 5671
1 5292
1 5673
1 1834
1 5675
1 962
2 5677 5860
2 4053 8756
1 5679
2 1317 7096
1 5681
1 4304
1 5683
1 2004
1 5685
1 1055
1 5687
2 484 5704
1 5689
1 2150
3 5691 6338 8596
1 5052
1 5693
2 5419 8218
2 5695 7174
1 202
2 5697 8448
1 4037
2 5699 7074
1 298
1 5701
2 4303 9498
1 5703
1 3162
2 5705 6488
1 5687
2 5707 6638
1 1766
2 5709 7852
2 905 6100
1 5711
1 2396
1 5713
1 1629
1 5715
2 2270 7466
1 5717
1 2267
1 5719
1 889
2 5721 9822
1 1134
1 5723
1 4638
1 5725
1 4695
1 5727
1 4742
2 5729 8316
1 2283
1 5731
1 4394
1 5733
1 3375
1 5735
1 4204
1 5737
1 5598
1 5739
1 997
2 5741 7338
2 3639 7382
2 5743 8164
2 1181 8850
1 5745
1 3239
1 5747
1 3394
2 5749 6026
1 3230
2 5751 7894
1 639
1 5753
2 636 6206
1 5755
1 3710
1 5757
1 1089
1 5759
1 2531
1 5761
1 3572
1 5763
1 1268
1 5765
1 4281
2 5767 6060
2 4978 9040
1 5769
1 5485
2 5771 8184
2 1306 7628
1 5773
1 3737
1 5775
1 3242
1 5777
2 1155 7132
2 5779 7932
1 3120
1 5781
1 562
1 5783
1 3509
1 5785
1 713
2 5787 7178
1 1253
1 5789
2 233 9660
1 5791
2 5540 7042
1 5793
1 4506
1 5795
1 19
1 5797
1 3150
2 5799 6216
1 1185
1 5801
3 4521 6518 7746
2 5803 7654
1 2170
1 5805
1 4437
1 5807
1 640
1 5809
1 2311
1 5811
1 1762
1 5813
2 2657 5866
1 5815
1 2984
2 5817 8162
1 498
2 5819 7446
1 803
1 5821
1 656
2 5823 8492
1 3733
2 5825 9392
1 4994
2 5827 6246
2 4632 6094
1 5829
1 214
1 5831
1 2878
1 5833
2 1334 8410
2 5835 6892
1 220
1 5837
1 4776
1 5839
2 2452 8332
1 5841
1 1865
2 5843 9344
1 5314
1 5845
1 958
1 5847
1 2888
2 5849 6530
1 4515
2 5851 6662
1 3208
2 5853 7226
2 3998 6816
1 5855
2 1951 8620
1 5857
1 2519
2 5859 6880
1 147
1 5861
1 5676
1 5863
2 2323 9338
1 5865
1 3388
1 5867
1 5813
1 5869
1 4360
1 5871
1 2363
1 5873
1 3442
2 5875 6644
1 3157
2 5877 6226
1 459
2 5879 7524
1 2755
1 5881
1 176
1 5883
2 497 8744
1 5885
1 229
1 5887
2 758 6300
2 5889 7902
1 104
1 5891
1 1035
3 5893 7214 7444
1 2728
1 5895
1 2755
2 5897 7378
1 5104
1 5899
1 1553
1 5901
1 138
1 5903
1 3773
1 5905
1 444
1 5907
2 5662 6290
1 5909
2 1983 9716
1 5911
1 2420
1 5913
1 5449
1 5915
1 4285
1 5917
1 43
2 5919 6750
1 253
2 5921 6420
1 5630
1 5923
2 3387 8604
1 5925
1 2333
1 5927
1 18
1 5929
1 1629
1 5931
1 5576
1 5933
1 3538
1 5935
1 5442
1 5937
1 4689
1 5939
1 1567
2 5941 7080
1 949
1 5943
1 1220
1 5945
2 702 7356
1 5947
1 1410
1 5949
1 3716
3 5951 6576 6820
1 3049
1 5953
1 219
1 5955
1 4522
1 5957
1 513
1 5959
2 1898 8686
2 5961 7638
2 2056 9404
1 5963
1 557
1 5965
1 3870
1 5967
1 2356
1 5969
1 4682
2 5971 7170
1 496
1 5973
1 401
1 5975
1 1310
1 5977
1 2978
1 5979
1 302
1 5981
2 4871 8232
1 5983
1 5553
2 5985 6472
1 696
1 5987
1 659
2 5989 7438
1 451
2 5991 9108
1 3555
1 5993
1 3319
1 5995
2 43 9914
3 5997 6930 7412
1 5146
1 5999
1 82
1 6001
1 3466
1 6003
1 1675
1 6005
1 4682
1 6007
1 4785
1 6009
1 4597
1 6011
1 767
1 6013
1 889
1 6015
1 3566
3 6017 6380 9186
1 498
1 6019
1 2886
1 6021
1 79
1 6023
1 4834
1 6025
1 2892
2 6027 6918
1 5748
1 6029
1 1370
1 6031
1 5395
1 6033
3 4053 7344 8974
1 6035
2 2058 6848
1 6037
1 2668
1 6039
3 4631 7828 8094
2 6041 7236
1 4930
1 6043
1 3614
2 6045 9902
1 3752
1 6047
1 5129
1 6049
2 2059 6184
1 6051
1 4396
2 6053 8244
2 3114 7768
2 6055 9990
4 1585 6840 8412 8584
1 6057
2 2336 8788
2 6059 8502
1 960
1 6061
1 5766
2 6063 9906
1 4835
1 6065
1 1766
1 6067
2 4547 8122
1 6069
3 2690 7834 8326
1 6071
1 1581
1 6073
1 1405
1 6075
1 4759
1 6077
1 1759
1 6079
1 2821
1 6081
1 1860
2 6083 7268
1 928
1 6085
1 1274
1 6087
1 3648
1 6089
1 4053
1 6091
1 2135
1 6093
1 1316
1 6095
1 5827
1 6097
1 565
3 6099 7586 9474
3 2818 6172 6934
1 6101
1 5709
2 6103 9820
1 5465
1 6105
1 4260
2 6107 6590
1 720
2 6109 7056
1 5119
1 6111
2 4278 7064
1 6113
1 4210
2 6115 8804
1 4170
1 6117
1 32
3 6119 7100 8440
2 3550 6340
1 6121
2 5650 6244
2 6123 9950
1 4287
1 6125
2 4272 9992
1 6127
1 626
1 6129
1 3431
1 6131
2 4003 6202
1 6133
1 4180
1 6135
1 2631
2 6137 9058
1 2485
1 6139
1 707
1 6141
2 1679 7212
1 6143
1 726
1 6145
1 3480
1 6147
1 4891
1 6149
1 3332
1 6151
1 3885
2 6153 6272
1 2328
2 6155 7350
1 135
1 6157
1 357
1 6159
1 843
1 6161
2 2945 7880
1 6163
1 716
1 6165
1 2916
1 6167
1 312
1 6169
2 4183 8082
2 6171 8624
1 1976
2 6173 7306
2 6099 6190
1 6175
2 1157 7116
1 6177
1 4172
2 6179 9168
2 5004 9520
2 6181 9264
1 4112
2 6183 6834
1 3537
2 6185 8532
1 6049
2 6187 6676
2 4158 8730
1 6189
1 4574
2 6191 7502
1 6173
1 6193
2 884 8036
1 6195
1 4721
1 6197
1 4179
1 6199
1 5507
1 6201
1 2119
3 6203 8598 9576
1 6131
1 6205
1 5380
1 6207
2 5753 7426
2 6209 7346
2 4286 9776
2 6211 9046
1 1328
1 6213
1 1670
1 6215
1 950
1 6217
2 5798 8728
1 6219
1 2542
1 6221
1 1275
1 6223
1 3492
1 6225
1 5201
2 6227 8938
1 5876
1 6229
1 3441
1 6231
1 2777
1 6233
1 4381
1 6235
1 833
1 6237
1 92
1 6239
1 2360
1 6241
1 1657
1 6243
1 1884
1 6245
1 6121
1 6247
2 5826 6482
2 6249 7488
1 5333
1 6251
1 1108
1 6253
3 4090 6506 8284
2 6255 6972
1 185
2 6257 8052
1 1013
1 6259
1 2253
2 6261 7264
1 5034
1 6263
2 4894 8454
1 6265
1 4188
1 6267
1 3343
1 6269
2 1895 9652
1 6271
1 1940
1 6273
1 6152
1 6275
1 3698
2 6277 9812
1 3099
1 6279
2 1327 8456
1 6281
1 4068
1 6283
1 3582
2 6285 6344
1 208
1 6287
1 3882
1 6289
3 486 6886 7942
1 6291
1 5907
1 6293
1 1218
1 6295
1 2036
1 6297
2 5369 7532
1 6299
1 1808
1 6301
1 5887
1 6303
1 5298
1 6305
1 1401
1 6307
1 4131
1 6309
1 3211
1 6311
1 3356
1 6313
1 3231
2 6315 8508
1 4794
1 6317
2 3685 6494
1 6319
1 2477
1 6321
1 3229
1 6323
1 5217
2 6325 7416
1 4758
1 6327
1 2343
3 6329 7044 7572
2 1456 7380
1 6331
2 4357 9664
1 6333
1 2
1 6335
1 4305
2 6337 8610
1 584
1 6339
1 5690
1 6341
1 6119
1 6343
1 4299
1 6345
1 6284
1 6347
2 3796 7404
1 6349
2 5383 8260
1 6351
1 4408
1 6353
1 4387
2 6355 6842
1 46
2 6357 7552
2 693 7506
1 6359
1 1795
1 6361
1 1815
1 6363
1 5026
2 6365 7884
1 378
1 6367
2 2185 8346
1 6369
1 1614
1 6371
1 606
1 6373
2 3643 6586
2 6375 6668
1 3881
1 6377
1 4142
1 6379
1 1114
1 6381
1 6016
1 6383
2 4660 9148
1 6385
1 1603
1 6387
1 1300
2 6389 6796
1 3985
1 6391
2 4524 9192
1 6393
1 4086
1 6395
1 1406
2 6397 6802
1 502
1 6399
1 5519
1 6401
1 1939
3 6403 9098 9482
2 2459 8690
1 6405
1 3842
1 6407
1 1222
1 6409
2 900 8534
1 6411
2 532 9350
1 6413
1 1394
1 6415
1 277
2 6417 8638
1 432
1 6419
1 4080
1 6421
1 5920
1 6423
1 4957
1 6425
1 2241
2 6427 6714
1 3623
2 6429 6534
1 2136
1 6431
1 2219
1 6433
2 2129 9628
1 6435
1 1687
1 6437
2 5126 6624
1 6439
2 2547 7770
1 6441
1 4347
1 6443
1 4155
1 6445
1 320
1 6447
1 3518
1 6449
1 214
1 6451
1 5330
1 6453
1 1212
1 6455
1 1866
1 6457
2 4896 9352
2 6459 6822
1 476
1 6461
2 3113 7926
2 6463 8914
2 1841 7782
1 6465
1 3272
1 6467
1 1402
2 6469 9794
1 1022
2 6471 9730
2 323 7818
2 6473 9400
2 5984 8352
1 6475
1 4435
1 6477
1 3060
1 6479
1 4714
1 6481
1 3412
1 6483
1 6247
1 6485
1 2282
1 6487
1 4767
1 6489
2 5704 8202
1 6491
1 5585
2 6493 6828
1 4699
1 6495
1 6317
1 6497
2 427 6610
1 6499
1 4075
1 6501
1 1242
1 6503
3 255 9384 9416
2 6505 8550
1 2508
1 6507
1 6253
1 6509
1 4355
1 6511
1 2882
1 6513
2 2120 6924
1 6515
1 4072
1 6517
2 3113 6550
2 6519 7906
2 5801 9550
1 6521
2 2790 7164
1 6523
2 2751 7798
1 6525
1 4339
1 6527
1 682
1 6529
1 2042
1 6531
1 5848
2 6533 8024
1 4388
2 6535 9600
1 6428
1 6537
1 2174
1 6539
1 5222
2 6541 8000
1 3226
1 6543
1 3408
1 6545
1 5526
1 6547
1 5584
1 6549
1 4744
1 6551
1 6517
1 6553
2 2702 7550
1 6555
1 5630
1 6557
1 1704
1 6559
2 1899 9672
1 6561
1 4035
1 6563
1 2990
1 6565
1 1275
1 6567
1 2761
1 6569
2 1006 8996
1 6571
1 5157
1 6573
2 2397 8874
1 6575
1 4354
1 6577
2 5950 8738
1 6579
2 11 7112
1 6581
1 2627
1 6583
1 2921
1 6585
1 4996
2 6587 7256
1 6373
1 6589
1 3926
3 6591 8498 9746
3 6106 6700 8040
1 6593
2 5592 7120
1 6595
1 3902
1 6597
1 1
1 6599
1 5318
1 6601
1 5592
1 6603
2 4274 9924
1 6605
1 3922
2 6607 8854
1 2958
1 6609
1 4760
1 6611
1 6497
1 6613
1 5053
1 6615
1 4103
1 6617
2 2546 6760
1 6619
1 2920
1 6621
1 2956
1 6623
1 3582
2 6625 8670
1 6437
2 6627 8700
1 312
1 6629
1 4786
2 6631 7086
1 2485
1 6633
1 4022
1 6635
2 3604 7410
1 6637
2 5442 8576
1 6639
1 5706
1 6641
1 1497
2 6643 6806
1 3974
1 6645
1 5874
1 6647
1 3182
1 6649
1 4892
1 6651
1 246
1 6653
2 4646 7384
1 6655
2 1088 8166
1 6657
1 5262
1 6659
2 224 9382
1 6661
1 2895
1 6663
1 5850
1 6665
1 5088
1 6667
1 2456
1 6669
1 6374
1 6671
1 2080
1 6673
1 4248
1 6675
2 2520 8426
1 6677
1 6186
1 6679
1 5236
1 6681
1 1372
1 6683
1 1029
2 6685 7048
1 4634
1 6687
1 796
2 6689 7452
1 685
1 6691
1 4511
1 6693
1 3072
1 6695
1 2274
1 6697
1 577
1 6699
1 3952
2 6701 8912
1 6591
3 6703 7252 9940
2 1993 9552
2 6705 7026
1 3779
1 6707
1 978
1 6709
1 956
1 6711
1 1026
1 6713
1 140
1 6715
1 6426
2 6717 6906
2 3676 7864
1 6719
1 3083
2 6721 7014
2 3487 6814
4 6723 6780 8322 9348
1 2970
1 6725
1 5315
2 6727 7612
1 206
2 6729 7262
1 2473
1 6731
1 3407
1 6733
1 4806
1 6735
2 2816 7974
3 6737 6958 8072
1 4608
1 6739
1 139
2 6741 7470
1 4899
1 6743
1 2641
1 6745
1 283
1 6747
1 3043
1 6749
1 5044
1 6751
1 5918
1 6753
1 1612
1 6755
1 1945
1 6757
1 616
3 6759 7822 9920
1 5126
1 6761
1 6617
1 6763
1 1926
1 6765
1 3669
1 6767
1 5559
1 6769
2 5265 9370
1 6771
1 1879
2 6773 7784
1 2598
1 6775
1 3365
1 6777
1 5187
1 6779
1 5068
1 6781
1 6722
1 6783
1 3357
1 6785
1 4915
1 6787
1 3049
2 6789 8324
1 1291
1 6791
1 2552
1 6793
1 1916
1 6795
2 2242 9096
1 6797
1 6388
1 6799
1 800
1 6801
1 440
2 6803 8004
2 6396 8088
1 6805
1 5428
1 6807
1 6642
1 6809
2 4697 6996
1 6811
1 570
1 6813
1 1471
1 6815
1 6721
1 6817
2 5853 8058
2 6819 7140
1 2888
1 6821
1 5950
1 6823
1 6458
1 6825
1 1053
1 6827
2 4905 9618
1 6829
1 6492
1 6831
1 3423
1 6833
1 4095
1 6835
1 6182
1 6837
1 2427
1 6839
1 262
1 6841
1 6055
1 6843
1 6354
1 6845
1 5451
1 6847
1 846
1 6849
1 6035
1 6851
2 1621 8910
2 6853 9570
2 4921 9706
1 6855
1 1366
1 6857
1 1367
2 6859 9982
1 5493
1 6861
1 772
1 6863
2 2414 7786
1 6865
1 3880
1 6867
1 1691
1 6869
1 5320
1 6871
1 5402
1 6873
1 1210
1 6875
1 1636
1 6877
1 1423
1 6879
1 4126
1 6881
1 5858
1 6883
1 763
2 6885 8270
1 4472
2 6887 8994
1 6289
1 6889
1 3646
1 6891
1 2913
1 6893
1 5834
1 6895
2 2591 8976
1 6897
1 2667
1 6899
1 3449
1 6901
1 4354
3 6903 7202 7276
1 2413
2 6905 9890
1 3173
2 6907 7862
1 6716
1 6909
1 3765
1 6911
1 2557
1 6913
1 707
1 6915
1 4404
2 6917 9808
1 3402
1 6919
1 6026
2 6921 9644
1 4136
2 6923 9154
1 178
1 6925
2 6513 9866
1 6927
1 4691
1 6929
1 1208
1 6931
1 5996
1 6933
1 308
1 6935
1 6099
1 6937
1 2159
1 6939
1 2188
1 6941
1 1652
1 6943
1 5124
1 6945
1 5567
1 6947
1 3511
1 6949
1 4030
1 6951
2 4885 8486
2 6953 7154
2 3955 9212
2 6955 7362
1 1273
1 6957
1 4030
1 6959
1 6736
1 6961
2 5118 9128
1 6963
1 3133
1 6965
1 704
1 6967
1 2362
1 6969
1 2252
1 6971
1 2490
1 6973
1 6254
1 6975
2 4942 9282
1 6977
1 3733
2 6979 9332
1 4072
2 6981 8672
1 5164
1 6983
1 1636
1 6985
1 550
1 6987
1 4188
1 6989
1 4930
1 6991
1 2128
1 6993
3 1504 9678 9970
2 6995 7386
1 4720
1 6997
1 6809
1 6999
1 4557
1 7001
1 4926
1 7003
1 575
1 7005
1 4328
2 7007 8964
1 3166
1 7009
2 4040 7394
1 7011
2 2207 9156
2 7013 9354
1 4352
1 7015
3 6720 7054 8112
1 7017
1 6
1 7019
1 744
2 7021 8680
1 2737
1 7023
1 5312
1 7025
1 29
1 7027
2 6704 8368
2 7029 7634
1 5353
1 7031
2 4155 8592
1 7033
2 5278 7918
1 7035
1 4286
1 7037
1 1353
1 7039
1 5282
1 7041
1 6
3 7043 7312 9496
2 5791 7608
1 7045
1 6328
2 7047 8556
1 5356
1 7049
1 6684
2 7051 8356
1 2181
1 7053
2 3933 7698
1 7055
1 7015
1 7057
1 6108
1 7059
1 396
2 7061 8144
1 5265
1 7063
1 3848
1 7065
1 6111
2 7067 9324
1 4920
1 7069
1 4298
2 7071 9484
1 3177
1 7073
1 5083
1 7075
1 5698
1 7077
2 971 7294
1 7079
1 1590
1 7081
1 5940
1 7083
1 335
1 7085
1 3106
1 7087
1 6630
1 7089
1 2126
1 7091
2 2536 9110
1 7093
2 264 7816
1 7095
1 624
1 7097
1 5679
2 7099 9412
1 2998
1 7101
1 6118
1 7103
1 4932
1 7105
2 5438 9536
2 7107 7146
1 2074
1 7109
1 5454
1 7111
1 4258
1 7113
1 6579
2 7115 8018
1 3952
1 7117
1 6175
1 7119
1 5468
2 7121 7528
1 6593
1 7123
1 2941
1 7125
1 5395
1 7127
1 4384
1 7129
1 3681
1 7131
1 2225
1 7133
1 5777
1 7135
1 1457
1 7137
1 5381
1 7139
1 3580
1 7141
1 6818
2 7143 9884
1 2727
1 7145
2 199 7546
3 7147 7428 8010
1 7106
1 7149
1 788
1 7151
1 3836
1 7153
1 2227
1 7155
1 6952
1 7157
1 3553
1 7159
1 67
2 7161 8546
2 2453 8116
1 7163
1 1157
2 7165 7948
1 6521
1 7167
1 2610
1 7169
1 429
1 7171
1 5970
1 7173
2 537 7500
1 7175
1 5694
2 7177 9654
1 3422
1 7179
1 5786
1 7181
1 1400
2 7183 8774
2 3387 8068
1 7185
1 3474
1 7187
1 3503
2 7189 8262
1 712
1 7191
1 1722
1 7193
1 457
2 7195 9788
1 2266
1 7197
1 3511
1 7199
1 4231
3 7201 7482 7536
1 5002
1 7203
1 6902
2 7205 9854
2 3547 8880
1 7207
1 1830
1 7209
1 4880
1 7211
1 3638
1 7213
1 6141
1 7215
1 5892
2 7217 8246
2 2527 9882
1 7219
1 2922
2 7221 8124
1 3941
1 7223
1 677
2 7225 8358
2 4962 8882
2 7227 7234
1 5852
1 7229
1 3748
1 7231
1 1028
2 7233 7778
1 2813
1 7235
1 7226
1 7237
1 6040
1 7239
2 5308 8582
1 7241
1 4812
2 7243 9810
1 1867
2 7245 9424
1 1121
1 7247
1 5481
1 7249
2 221 7908
1 7251
1 3884
2 7253 9834
1 6702
2 7255 9846
1 4503
1 7257
1 6586
1 7259
1 2423
1 7261
1 1526
1 7263
1 6728
2 7265 8310
3 6260 9094 9170
1 7267
1 4790
1 7269
1 6082
2 7271 9336
1 402
1 7273
1 547
1 7275
2 2268 8084
1 7277
1 6902
1 7279
1 1797
2 7281 7620
2 4290 8704
1 7283
2 3950 7580
1 7285
1 3328
1 7287
1 5326
1 7289
1 3365
1 7291
1 1933
1 7293
1 5620
2 7295 7886
1 7077
1 7297
1 789
1 7299
1 759
2 7301 7616
2 3334 8086
1 7303
1 4551
1 7305
1 1596
1 7307
1 6172
1 7309
1 3036
1 7311
1 1178
1 7313
1 7042
1 7315
2 2307 9826
1 7317
1 4095
2 7319 9478
1 1286
1 7321
1 343
1 7323
1 4635
1 7325
1 4893
1 7327
1 2991
1 7329
1 495
1 7331
1 5078
1 7333
2 2779 9198
2 7335 9364
1 2529
1 7337
1 737
1 7339
1 5740
1 7341
1 5359
1 7343
1 192
1 7345
2 6033 8952
1 7347
1 6208
2 7349 8542
1 3837
1 7351
1 6154
1 7353
1 3476
1 7355
1 1625
2 7357 9106
1 5945
1 7359
2 1167 8634
1 7361
1 5363
1 7363
1 6954
1 7365
1 3072
1 7367
1 4307
1 7369
1 1140
1 7371
1 1984
1 7373
1 1455
1 7375
1 4652
2 7377 8652
1 4287
1 7379
1 5896
1 7381
1 6329
2 7383 7468
1 5741
1 7385
1 6653
2 7387 7448
2 6994 8794
1 7389
1 787
1 7391
1 2403
1 7393
3 5623 8126 9828
1 7395
1 7009
1 7397
2 4238 8458
2 7399 8314
1 3388
1 7401
1 4151
1 7403
1 4711
1 7405
1 6347
2 7407 9832
1 1463
1 7409
1 3246
1 7411
1 6635
1 7413
1 5996
2 7415 8574
2 668 7944
1 7417
1 6324
1 7419
1 587
1 7421
1 5445
1 7423
1 527
1 7425
1 3840
1 7427
1 6207
1 7429
1 7146
1 7431
3 1813 8868 9164
1 7433
1 2512
1 7435
3 5386 7804 9132
1 7437
2 5386 9418
1 7439
1 5988
1 7441
1 2526
1 7443
1 1953
1 7445
1 5892
1 7447
1 5818
1 7449
1 7386
1 7451
1 1296
1 7453
1 6688
2 7455 9356
1 1154
1 7457
1 4056
1 7459
1 2800
1 7461
1 3048
1 7463
1 2875
1 7465
1 2176
1 7467
1 5715
1 7469
1 7382
2 7471 9454
1 6740
1 7473
1 5567
1 7475
1 1785
2 7477 8780
1 1131
1 7479
1 2489
1 7481
1 5298
1 7483
1 7200
1 7485
1 4989
1 7487
2 4017 8654
2 7489 9232
1 6248
1 7491
1 1627
2 7493 9206
1 3326
1 7495
1 174
1 7497
1 3670
2 7499 7792
1 2951
1 7501
2 7173 8066
1 7503
1 6190
1 7505
1 4014
1 7507
2 6357 9574
1 7509
1 2626
2 7511 7938
1 5145
1 7513
1 3776
1 7515
2 44 7568
1 7517
1 4553
1 7519
1 3578
1 7521
1 2345
3 7523 7890 8076
1 2388
1 7525
2 5878 8642
1 7527
1 4760
1 7529
1 7120
2 7531 9036
1 1048
1 7533
1 6297
1 7535
1 4035
1 7537
1 7200
2 7539 9842
1 2404
1 7541
1 595
1 7543
1 3139
1 7545
1 1655
1 7547
1 7145
1 7549
1 3316
1 7551
1 6553
2 7553 8450
2 6356 9044
1 7555
1 1783
1 7557
3 3317 8132 9190
1 7559
3 3168 8688 9764
1 7561
1 3351
1 7563
1 4267
1 7565
1 1473
1 7567
1 1820
2 7569 8716
1 7515
1 7571
1 4752
2 7573 8488
2 6328 7596
1 7575
1 924
2 7577 9028
1 2973
1 7579
2 1167 8602
1 7581
1 7283
1 7583
1 4103
1 7585
1 131
1 7587
1 6098
1 7589
1 4308
1 7591
1 1470
1 7593
1 5301
1 7595
2 2958 9782
1 7597
1 7573
1 7599
1 5267
1 7601
1 2799
1 7603
1 3716
1 7605
1 1273
1 7607
1 1219
1 7609
1 7043
1 7611
1 1893
2 7613 8038
1 6726
1 7615
1 2790
1 7617
2 7300 9440
1 7619
1 5428
1 7621
1 7280
1 7623
1 2695
1 7625
1 3276
1 7627
1 1045
1 7629
1 5771
2 7631 8220
2 954 8424
1 7633
1 4070
1 7635
1 7028
2 7637 9944
1 4500
1 7639
1 5960
1 7641
1 4597
1 7643
1 5067
1 7645
1 4472
2 7647 8090
1 1309
1 7649
1 459
2 7651 8820
1 1908
1 7653
1 3576
1 7655
2 5802 9160
1 7657
1 2767
1 7659
1 3290
1 7661
1 1293
1 7663
1 3251
1 7665
1 4035
1 7667
2 642 9968
1 7669
1 1665
1 7671
1 3591
1 7673
1 3712
1 7675
1 772
1 7677
1 2410
1 7679
1 4496
1 7681
2 3354 9300
1 7683
1 5591
1 7685
1 3280
1 7687
1 1250
1 7689
1 983
1 7691
1 1162
1 7693
1 3449
2 7695 7936
1 1831
1 7697
1 2852
1 7699
1 7053
1 7701
1 3678
1 7703
1 1155
1 7705
1 1468
2 7707 9818
1 1448
1 7709
1 2153
1 7711
2 3874 9986
1 7713
1 5116
2 7715 7976
2 1519 9294
1 7717
1 3253
1 7719
1 545
1 7721
1 421
1 7723
1 554
1 7725
1 5283
1 7727
1 4310
1 7729
1 5275
2 7731 8236
1 1019
1 7733
1 292
1 7735
1 3145
1 7737
2 508 8768
1 7739
1 225
2 7741 9146
2 3980 8060
1 7743
1 1838
1 7745
1 4765
2 7747 8252
1 5801
1 7749
1 768
1 7751
1 4276
1 7753
2 3015 8970
1 7755
2 3578 9262
1 7757
1 5535
2 7759 8748
1 1052
1 7761
1 660
1 7763
1 4390
1 7765
1 194
2 7767 9634
1 5445
1 7769
2 6053 9052
1 7771
1 6439
1 7773
1 2572
1 7775
2 1540 8524
1 7777
1 766
1 7779
1 7232
1 7781
1 978
2 7783 8308
1 6463
1 7785
1 6772
1 7787
1 6863
1 7789
1 4518
2 7791 9720
1 3645
1 7793
1 7498
1 7795
1 2508
1 7797
1 1443
2 7799 8932
1 6523
1 7801
1 1168
1 7803
1 3443
1 7805
1 7435
1 7807
1 2041
1 7809
1 2498
1 7811
1 1493
1 7813
1 5051
2 7815 9030
1 538
1 7817
1 7093
2 7819 8884
1 6471
1 7821
1 2122
1 7823
1 6758
1 7825
1 2858
2 7827 9196
1 823
1 7829
1 6039
1 7831
1 1464
1 7833
1 2147
1 7835
1 6069
1 7837
1 543
1 7839
1 1598
1 7841
1 2587
1 7843
1 705
1 7845
1 518
2 7847 8722
1 1585
2 7849 9620
1 5567
1 7851
1 1609
1 7853
1 5708
1 7855
1 2008
1 7857
1 2445
1 7859
1 3088
1 7861
1 4645
1 7863
1 6906
1 7865
1 6717
1 7867
1 3811
1 7869
1 3838
1 7871
1 5213
1 7873
1 103
1 7875
1 3915
1 7877
1 123
1 7879
1 1275
1 7881
1 6161
1 7883
1 402
1 7885
1 6364
1 7887
1 7294
1 7889
1 5092
2 7891 8266
1 7522
1 7893
1 2160
1 7895
1 5750
1 7897
1 1158
1 7899
1 4548
1 7901
1 3603
1 7903
1 5888
1 7905
1 818
1 7907
1 6518
1 7909
1 7249
1 7911
2 3614 9090
1 7913
1 254
1 7915
1 1274
1 7917
1 3735
1 7919
1 7033
1 7921
1 1232
1 7923
2 3396 8092
1 7925
1 4414
1 7927
1 6461
1 7929
1 3461
1 7931
1 1689
2 7933 8594
1 5778
1 7935
1 3625
1 7937
1 7694
3 7939 8842 9844
2 7510 9682
1 7941
1 1534
1 7943
1 6289
1 7945
2 7415 8898
1 7947
1 4471
1 7949
1 7164
1 7951
1 2350
1 7953
2 4113 9430
1 7955
1 4393
1 7957
1 373
1 7959
1 1651
1 7961
1 4729
2 7963 8278
1 4170
1 7965
1 2329
1 7967
3 3937 8782 9228
1 7969
1 1368
1 7971
1 5645
1 7973
1 4055
1 7975
1 6735
1 7977
1 7714
2 7979 8306
1 5395
1 7981
1 2868
1 7983
2 103 9172
1 7985
1 1879
1 7987
1 80
2 7989 8398
1 1807
1 7991
1 4615
1 7993
1 1746
1 7995
1 959
1 7997
2 2123 9750
2 7999 8464
1 5492
1 8001
1 6540
1 8003
1 412
1 8005
1 6802
1 8007
1 5258
1 8009
1 3446
1 8011
1 7146
1 8013
1 608
1 8015
2 5584 8812
1 8017
2 3177 9318
1 8019
1 7114
1 8021
1 1358
1 8023
1 5613
1 8025
1 6532
1 8027
1 151
1 8029
1 3335
1 8031
2 3975 8280
1 8033
1 3415
1 8035
1 1541
1 8037
1 6193
1 8039
1 7612
1 8041
1 6591
1 8043
1 385
1 8045
1 2505
1 8047
1 2117
1 8049
1 4985
1 8051
2 4383 9346
1 8053
1 6256
1 8055
1 5026
1 8057
1 1120
2 8059 8578
1 6817
1 8061
1 7741
1 8063
1 3271
1 8065
1 4141
1 8067
1 7501
1 8069
1 7183
1 8071
1 901
1 8073
1 6736
1 8075
1 2014
1 8077
1 7522
1 8079
1 5076
1 8081
2 4776 9796
1 8083
1 6169
1 8085
1 7275
2 8087 9710
1 7301
1 8089
1 6803
2 8091 9542
1 7646
1 8093
1 7923
1 8095
1 6039
2 8097 9760
1 2244
1 8099
1 5083
1 8101
1 586
1 8103
1 913
1 8105
1 5491
1 8107
1 4999
1 8109
1 4473
1 8111
1 539
1 8113
1 7015
1 8115
1 749
1 8117
1 7161
1 8119
1 597
1 8121
1 1053
1 8123
1 6067
1 8125
1 7220
1 8127
1 7393
2 8129 8506
1 2108
1 8131
1 4703
1 8133
1 7557
1 8135
2 401 9026
1 8137
1 3716
1 8139
1 3605
1 8141
1 1080
1 8143
1 117
1 8145
1 7060
2 8147 8934
1 758
1 8149
1 3107
1 8151
1 1025
1 8153
1 2292
1 8155
1 1854
1 8157
1 3143
1 8159
1 3692
1 8161
1 5117
1 8163
1 5816
1 8165
1 5742
1 8167
1 6655
1 8169
1 826
1 8171
1 2122
1 8173
1 5034
1 8175
1 3004
1 8177
1 5603
1 8179
1 5328
1 8181
1 1971
1 8183
1 511
1 8185
1 5770
1 8187
1 95
1 8189
1 1435
1 8191
1 4825
1 8193
1 3231
3 8195 8422 9402
1 993
1 8197
2 3578 9456
1 8199
1 3135
1 8201
1 4119
1 8203
1 6489
1 8205
1 4573
1 8207
2 3289 9578
1 8209
2 4487 8682
1 8211
1 907
1 8213
2 5488 9580
1 8215
1 5268
1 8217
1 1599
1 8219
1 5693
1 8221
2 7630 9460
1 8223
1 5257
1 8225
1 3308
1 8227
1 1720
1 8229
1 4646
1 8231
1 3705
1 8233
1 5981
1 8235
1 1602
1 8237
1 7730
1 8239
1 2309
1 8241
2 4902 8434
1 8243
1 453
1 8245
2 6052 9928
1 8247
1 7216
1 8249
1 3918
1 8251
1 1546
1 8253
1 7746
1 8255
1 127
1 8257
2 229 8268
1 8259
1 2661
1 8261
1 6349
1 8263
1 7188
1 8265
1 1547
1 8267
1 7890
1 8269
1 8257
1 8271
1 6884
1 8273
1 3281
1 8275
1 5392
1 8277
1 4003
1 8279
1 7962
1 8281
1 8031
1 8283
1 3872
1 8285
2 6253 9268
1 8287
1 4039
2 8289 9874
1 4062
1 8291
1 3821
1 8293
1 5499
1 8295
1 3555
1 8297
1 3142
1 8299
1 4718
1 8301
2 1917 9648
1 8303
1 3018
1 8305
1 3620
1 8307
2 7978 9074
1 8309
1 7782
1 8311
1 7264
1 8313
1 3557
2 8315 8388
1 7398
1 8317
1 5728
1 8319
2 2012 9722
1 8321
1 1565
1 8323
1 6722
2 8325 8800
1 6788
1 8327
1 6069
1 8329
2 499 9932
1 8331
2 4488 8340
1 8333
1 5839
1 8335
1 3333
1 8337
1 3959
1 8339
1 505
1 8341
1 8331
1 8343
1 215
1 8345
1 5055
1 8347
1 6367
1 8349
1 3368
2 8351 9850
1 3117
1 8353
1 6473
1 8355
1 1468
1 8357
1 7050
1 8359
1 7224
1 8361
1 169
2 8363 9526
1 1385
2 8365 8866
1 1777
1 8367
1 1188
1 8369
1 7027
1 8371
1 138
1 8373
1 1793
1 8375
1 4652
1 8377
1 1452
1 8379
1 3857
1 8381
1 1040
1 8383
1 365
1 8385
1 1904
1 8387
1 826
1 8389
1 8314
2 8391 8960
1 3477
2 8393 8776
3 5025 8834 9956
1 8395
1 2406
1 8397
1 4587
2 8399 8646
2 7988 8622
1 8401
1 496
1 8403
1 2767
1 8405
1 3606
1 8407
1 1202
1 8409
1 1129
1 8411
1 5833
1 8413
1 6055
1 8415
1 3647
1 8417
1 3995
1 8419
1 215
1 8421
2 2218 9680
1 8423
1 8194
1 8425
1 7631
1 8427
2 6675 8522
1 8429
1 5068
1 8431
1 1349
1 8433
1 4003
1 8435
1 8241
1 8437
1 549
1 8439
1 2530
1 8441
1 6118
2 8443 8968
1 4848
1 8445
1 2871
1 8447
1 943
1 8449
1 5696
1 8451
1 7552
1 8453
1 1447
1 8455
3 6263 9444 9530
1 8457
1 6279
1 8459
1 7397
1 8461
1 3653
1 8463
1 2173
1 8465
1 7998
1 8467
1 2757
1 8469
2 3214 8650
1 8471
1 3533
1 8473
1 2694
1 8475
1 611
1 8477
1 3768
1 8479
1 5184
2 8481 9508
1 359
1 8483
1 4669
1 8485
1 180
1 8487
1 6951
1 8489
2 7572 8526
1 8491
1 2518
1 8493
1 5822
1 8495
1 4217
1 8497
1 2972
1 8499
1 6590
2 8501 8814
2 2459 9610
1 8503
1 6058
1 8505
1 1659
1 8507
1 8128
1 8509
1 6314
1 8511
1 4859
2 8513 9792
1 4039
1 8515
1 5432
1 8517
1 2758
1 8519
2 1814 8942
1 8521
1 1598
1 8523
1 8427
1 8525
2 7775 9514
1 8527
2 8489 9018
1 8529
1 3888
2 8531 9718
1 2199
1 8533
1 6184
1 8535
1 6409
1 8537
1 4827
1 8539
1 1747
1 8541
1 3602
1 8543
1 7348
1 8545
1 1681
1 8547
1 7160
1 8549
1 5072
1 8551
1 6504
1 8553
1 5595
1 8555
1 155
1 8557
1 7046
1 8559
1 3451
1 8561
1 3158
1 8563
1 1841
1 8565
2 1141 8904
2 8567 9174
1 3887
1 8569
1 4307
1 8571
1 4024
1 8573
1 5657
1 8575
1 7414
2 8577 9888
1 6637
1 8579
1 8058
1 8581
1 203
1 8583
1 7239
1 8585
2 6055 9824
1 8587
1 2677
1 8589
1 2359
1 8591
1 335
1 8593
1 7031
1 8595
1 7932
1 8597
1 5690
1 8599
1 6202
1 8601
1 1177
1 8603
1 7579
1 8605
1 5923
1 8607
1 3630
1 8609
1 1903
1 8611
1 6336
1 8613
1 1232
1 8615
2 2150 9178
1 8617
1 4708
1 8619
1 4294
1 8621
1 5855
1 8623
1 8399
1 8625
1 6170
1 8627
1 4341
1 8629
1 5033
1 8631
1 4825
2 8633 8802
1 4939
1 8635
1 7359
1 8637
1 2339
1 8639
1 6416
1 8641
1 4542
1 8643
1 7525
1 8645
1 5491
1 8647
1 8398
1 8649
1 1686
1 8651
1 8469
1 8653
1 7376
1 8655
1 7487
1 8657
2 1841 8726
1 8659
1 349
1 8661
1 1776
1 8663
1 4889
1 8665
1 309
1 8667
2 1039 9500
1 8669
1 5023
1 8671
1 6624
1 8673
1 6980
1 8675
1 5158
1 8677
1 4674
1 8679
1 482
1 8681
1 7020
1 8683
1 8209
1 8685
1 425
1 8687
1 5959
1 8689
1 7559
1 8691
1 6403
1 8693
1 2885
1 8695
1 2077
1 8697
1 4323
1 8699
1 5095
1 8701
1 6626
1 8703
1 4664
1 8705
1 7281
1 8707
1 4003
1 8709
2 4149 9642
1 8711
1 78
1 8713
1 4024
1 8715
1 5439
2 8717 9786
1 7568
1 8719
1 2730
1 8721
1 2662
1 8723
1 7846
1 8725
1 1910
1 8727
1 8657
1 8729
1 6217
1 8731
2 6187 9584
1 8733
1 2637
1 8735
1 2359
1 8737
2 2417 9490
1 8739
1 6577
1 8741
1 4768
1 8743
1 2361
1 8745
1 5883
1 8747
1 2621
1 8749
1 7758
1 8751
1 3619
1 8753
1 1979
1 8755
1 3592
1 8757
1 5677
1 8759
1 4031
1 8761
1 397
1 8763
1 3243
1 8765
1 5150
1 8767
1 2581
1 8769
1 7737
1 8771
1 914
1 8773
1 1802
3 8775 9032 9448
1 7182
1 8777
1 8392
1 8779
1 2750
1 8781
1 7476
1 8783
1 7967
1 8785
1 5056
1 8787
2 5287 9724
1 8789
1 6057
1 8791
1 5239
1 8793
1 76
1 8795
1 7387
1 8797
1 4202
1 8799
1 3961
1 8801
1 8324
1 8803
1 8632
1 8805
1 6114
1 8807
1 611
1 8809
1 309
1 8811
1 5318
1 8813
1 8015
1 8815
1 8500
1 8817
1 1546
1 8819
1 605
1 8821
1 7650
1 8823
1 5494
1 8825
1 695
1 8827
1 1574
1 8829
1 4151
1 8831
1 4807
1 8833
1 1743
1 8835
1 8393
1 8837
1 4113
1 8839
1 3123
1 8841
1 3785
1 8843
1 7938
1 8845
1 832
1 8847
1 2688
1 8849
1 3079
1 8851
1 5743
1 8853
1 4803
1 8855
1 6606
1 8857
1 1504
1 8859
1 4824
1 8861
1 2942
1 8863
1 1767
2 8865 9594
1 4304
1 8867
1 8364
1 8869
1 7431
1 8871
1 3606
1 8873
1 2788
1 8875
1 6573
1 8877
1 4401
1 8879
1 4810
1 8881
1 7205
1 8883
1 7225
1 8885
1 7818
1 8887
1 2866
1 8889
1 3218
1 8891
1 5534
1 8893
1 936
1 8895
1 1457
1 8897
1 1224
1 8899
1 7945
1 8901
1 1558
2 8903 9952
1 5364
1 8905
1 8565
2 8907 9470
1 3423
1 8909
1 2746
1 8911
1 6851
1 8913
1 6700
1 8915
1 6462
1 8917
1 3237
1 8919
1 1323
1 8921
1 1544
1 8923
1 4196
1 8925
1 2030
1 8927
1 2219
1 8929
1 3918
1 8931
2 3612 9246
1 8933
1 7798
1 8935
1 8146
1 8937
1 589
1 8939
1 6226
1 8941
1 2033
1 8943
1 8519
1 8945
1 3922
1 8947
1 3451
1 8949
1 1653
1 8951
1 2273
1 8953
1 7345
1 8955
1 2891
1 8957
1 2906
1 8959
1 4524
1 8961
1 8390
1 8963
1 2824
1 8965
1 7006
1 8967
1 401
1 8969
1 8442
1 8971
1 7753
1 8973
1 1727
1 8975
1 6033
1 8977
1 6895
1 8979
1 4638
1 8981
1 1807
1 8983
1 4291
1 8985
1 2598
1 8987
1 919
1 8989
1 4862
1 8991
1 1217
1 8993
2 261 9210
1 8995
1 6886
1 8997
1 6569
1 8999
1 840
1 9001
1 2629
1 9003
1 3324
1 9005
1 1556
1 9007
1 4696
1 9009
1 1690
1 9011
1 3580
1 9013
1 1965
1 9015
1 246
1 9017
1 246
1 9019
1 8527
1 9021
1 1748
1 9023
1 3692
1 9025
1 944
1 9027
1 8135
1 9029
1 7576
2 9031 9368
1 7814
1 9033
1 8774
1 9035
1 2489
1 9037
1 7530
1 9039
1 4869
1 9041
1 5767
1 9043
1 760
1 9045
1 7553
1 9047
1 6210
2 9049 9234
1 2833
1 9051
1 3073
1 9053
1 7769
1 9055
2 2946 9422
1 9057
1 458
1 9059
1 6136
1 9061
1 1276
1 9063
1 588
1 9065
1 4460
1 9067
1 2621
1 9069
1 236
1 9071
1 2560
1 9073
1 3329
1 9075
1 8307
1 9077
1 2906
1 9079
1 2030
1 9081
1 859
1 9083
1 3431
1 9085
1 2556
1 9087
1 5523
1 9089
1 2639
1 9091
1 7911
1 9093
1 421
1 9095
1 7265
1 9097
1 6795
1 9099
1 6402
1 9101
1 285
1 9103
1 2979
1 9105
1 473
1 9107
1 7356
1 9109
1 5990
1 9111
1 7091
1 9113
1 1648
1 9115
1 5118
1 9117
1 3445
1 9119
1 2809
1 9121
1 4491
1 9123
1 1784
1 9125
1 4522
1 9127
1 1463
1 9129
1 6961
2 9131 9442
1 2427
1 9133
1 7435
1 9135
1 4861
1 9137
1 1291
1 9139
1 443
1 9141
1 2286
1 9143
1 491
2 9145 9426
1 3709
1 9147
1 7740
1 9149
1 6383
1 9151
1 3377
1 9153
1 2360
1 9155
1 6922
1 9157
1 7011
1 9159
1 4673
1 9161
1 7655
2 9163 9540
1 5473
1 9165
1 7431
2 9167 9302
1 949
1 9169
1 6178
1 9171
1 7265
1 9173
1 7983
1 9175
1 8566
1 9177
1 3401
1 9179
1 8615
1 9181
1 2221
1 9183
1 19
1 9185
1 4557
1 9187
1 6016
1 9189
1 5560
1 9191
1 7557
2 9193 9458
1 6391
1 9195
1 2367
1 9197
1 7826
1 9199
1 7333
1 9201
1 4523
1 9203
1 4630
1 9205
1 4436
1 9207
1 7492
1 9209
1 4859
1 9211
1 8993
1 9213
1 6953
1 9215
1 2755
1 9217
1 1022
1 9219
1 4242
1 9221
1 3270
1 9223
1 2929
1 9225
1 2810
1 9227
1 5295
1 9229
1 7967
1 9231
1 3226
1 9233
1 7488
1 9235
1 9048
1 9237
1 3948
1 9239
1 4348
1 9241
1 4911
1 9243
1 1975
1 9245
1 3310
1 9247
2 8931 9762
1 9249
1 5171
1 9251
1 4288
2 9253 9592
1 1253
1 9255
1 5465
1 9257
1 3025
1 9259
1 4616
1 9261
1 2427
1 9263
1 7755
1 9265
1 6180
1 9267
1 4735
1 9269
1 8285
1 9271
1 5301
1 9273
1 5230
1 9275
1 1729
1 9277
1 5013
1 9279
1 864
1 9281
1 4086
2 9283 9292
1 6975
1 9285
1 4618
1 9287
1 4686
1 9289
1 430
1 9291
1 4860
1 9293
1 9282
1 9295
1 7715
1 9297
1 2403
1 9299
2 1357 9564
1 9301
1 7681
1 9303
1 9166
1 9305
1 1189
1 9307
1 3372
1 9309
1 2368
1 9311
2 3278 9312
1 9313
1 9311
1 9315
1 1072
1 9317
2 797 9656
1 9319
1 8017
1 9321
1 2421
1 9323
1 1436
1 9325
1 7066
1 9327
1 1085
1 9329
1 2593
1 9331
1 5126
1 9333
1 6978
1 9335
1 4627
1 9337
1 7270
1 9339
1 5863
1 9341
1 1971
1 9343
1 5086
1 9345
2 5842 9768
2 9347 9518
1 8051
1 9349
1 6722
1 9351
1 6411
1 9353
1 6457
1 9355
1 7012
1 9357
1 7454
1 9359
1 5051
1 9361
1 2205
1 9363
1 4409
1 9365
1 7334
1 9367
1 555
1 9369
1 9030
1 9371
1 6769
1 9373
1 1070
1 9375
2 1776 9816
1 9377
1 1727
1 9379
1 382
1 9381
1 732
1 9383
1 6659
1 9385
1 6503
1 9387
1 595
1 9389
1 4675
1 9391
1 4574
1 9393
1 5824
1 9395
1 995
1 9397
1 4470
1 9399
1 3521
1 9401
1 6472
1 9403
1 8194
1 9405
1 5961
1 9407
1 5303
1 9409
1 2373
1 9411
1 4297
1 9413
1 7098
1 9415
1 3215
1 9417
1 6503
1 9419
1 7437
1 9421
1 2621
1 9423
1 9055
1 9425
1 7244
1 9427
1 9144
1 9429
1 3477
1 9431
1 7953
1 9433
1 1364
1 9435
1 5522
1 9437
1 584
1 9439
1 1839
1 9441
1 7617
1 9443
1 9130
1 9445
1 8455
1 9447
1 4928
1 9449
1 8774
1 9451
1 971
1 9453
1 1725
1 9455
1 7470
1 9457
1 8197
1 9459
1 9192
1 9461
1 8221
1 9463
1 2
1 9465
1 2422
1 9467
1 3917
1 9469
1 1799
1 9471
1 8906
1 9473
1 5617
1 9475
1 6098
1 9477
1 3796
1 9479
1 7318
1 9481
1 1224
1 9483
1 6402
1 9485
1 7070
1 9487
1 1688
1 9489
1 790
1 9491
1 8737
1 9493
1 2337
1 9495
1 2739
1 9497
1 7042
1 9499
1 5701
1 9501
1 8667
1 9503
1 1020
1 9505
1 1185
1 9507
1 114
1 9509
1 8480
1 9511
1 583
1 9513
1 1792
1 9515
1 8525
1 9517
1 4093
2 9519 9662
1 9346
1 9521
1 6179
1 9523
1 139
1 9525
1 4542
1 9527
1 8362
1 9529
2 5254 9702
1 9531
1 8455
1 9533
1 4405
1 9535
1 4545
1 9537
1 7105
1 9539
1 2374
1 9541
1 9162
1 9543
1 8090
1 9545
1 1170
1 9547
1 2248
1 9549
1 1102
1 9551
1 6519
1 9553
1 6703
1 9555
1 2770
1 9557
1 4674
1 9559
1 1593
1 9561
1 2027
1 9563
1 201
1 9565
1 9299
1 9567
1 2025
1 9569
1 2058
1 9571
1 6852
1 9573
1 2204
1 9575
1 7507
1 9577
1 6202
1 9579
1 8207
1 9581
1 8213
1 9583
1 2666
1 9585
1 8731
1 9587
1 5570
1 9589
1 5479
1 9591
1 4122
1 9593
1 9252
1 9595
1 8864
1 9597
1 5245
1 9599
1 4289
1 9601
1 6534
1 9603
1 517
1 9605
1 63
1 9607
1 4938
1 9609
1 2809
1 9611
1 8501
1 9613
1 4217
1 9615
1 2553
1 9617
1 2324
1 9619
1 6827
1 9621
1 7848
1 9623
1 77
1 9625
1 1272
1 9627
1 1799
1 9629
1 6433
1 9631
1 1414
1 9633
1 1602
1 9635
1 7766
1 9637
1 399
1 9639
1 623
1 9641
1 4395
1 9643
1 8709
1 9645
1 6920
1 9647
1 3112
1 9649
1 8301
1 9651
1 910
1 9653
1 6269
1 9655
1 7176
1 9657
1 9317
1 9659
1 5329
1 9661
1 5789
1 9663
1 9518
1 9665
1 6331
1 9667
1 3452
1 9669
1 608
1 9671
1 5273
1 9673
1 6559
1 9675
1 239
1 9677
1 5343
1 9679
1 6993
1 9681
1 8421
1 9683
1 7939
1 9685
1 1071
1 9687
1 257
1 9689
1 3706
1 9691
1 3378
1 9693
1 4514
1 9695
1 203
1 9697
1 3810
1 9699
1 2289
1 9701
1 4273
1 9703
1 9529
1 9705
1 577
1 9707
1 6853
1 9709
1 5200
1 9711
1 8086
1 9713
1 5317
1 9715
1 917
1 9717
1 5909
1 9719
1 8530
1 9721
1 7790
1 9723
2 8319 9858
1 9725
1 8787
1 9727
1 1774
1 9729
1 4901
1 9731
1 6470
1 9733
1 1202
1 9735
1 4000
1 9737
1 5336
1 9739
1 5522
1 9741
1 869
1 9743
1 4266
1 9745
1 472
1 9747
2 6590 9830
1 9749
1 1640
1 9751
1 7997
1 9753
1 805
1 9755
1 4182
1 9757
1 5107
1 9759
1 2342
1 9761
1 8096
1 9763
1 9247
1 9765
1 7559
1 9767
1 5332
1 9769
1 9345
1 9771
1 1107
1 9773
1 3619
1 9775
1 4660
1 9777
1 6209
1 9779
1 2492
1 9781
1 4597
1 9783
1 7595
1 9785
1 2606
1 9787
1 8716
1 9789
1 7194
1 9791
1 1332
1 9793
1 8512
1 9795
1 6468
1 9797
1 8081
1 9799
1 336
1 9801
1 2043
1 9803
1 3451
1 9805
1 1187
1 9807
1 3523
1 9809
1 6916
1 9811
1 7242
1 9813
1 6276
1 9815
1 2792
1 9817
1 9375
1 9819
1 7706
1 9821
1 6102
1 9823
1 5720
1 9825
1 8585
1 9827
1 7315
1 9829
1 7393
1 9831
1 9747
1 9833
1 7406
1 9835
1 7252
1 9837
1 3080
1 9839
1 953
1 9841
1 4703
1 9843
1 7538
1 9845
1 7938
1 9847
1 7254
1 9849
1 4679
1 9851
1 8350
1 9853
1 2698
1 9855
1 7204
1 9857
1 2134
1 9859
1 9723
1 9861
1 4460
1 9863
2 3031 9922
1 9865
1 1053
1 9867
1 6925
1 9869
1 4958
1 9871
1 2564
1 9873
1 1642
1 9875
1 8288
1 9877
1 990
1 9879
1 1292
1 9881
2 3441 9926
1 9883
1 7217
1 9885
1 7142
1 9887
1 953
1 9889
1 8576
1 9891
1 6904
1 9893
1 692
1 9895
1 1848
1 9897
1 2713
1 9899
1 5384
1 9901
1 3722
1 9903
1 6044
1 9905
1 442
1 9907
1 6062
1 9909
1 2678
1 9911
1 2572
1 9913
1 3101
1 9915
1 5995
1 9917
1 3329
1 9919
1 3477
1 9921
1 6758
1 9923
1 9863
1 9925
1 6603
1 9927
1 9881
1 9929
1 8245
1 9931
1 4829
1 9933
1 8329
1 9935
1 3466
1 9937
1 3234
1 9939
1 3396
1 9941
1 6702
1 9943
1 1440
1 9945
1 7636
1 9947
1 697
1 9949
1 3222
1 9951
1 6122
1 9953
1 8902
1 9955
1 135
1 9957
1 8393
1 9959
1 1915
1 9961
1 2531
1 9963
1 1579
1 9965
1 941
1 9967
1 2620
1 9969
1 7667
1 9971
1 6993
1 9973
1 5535
1 9975
1 49
1 9977
1 1159
1 9979
1 4591
1 9981
1 3350
1 9983
1 6858
1 9985
1 2964
1 9987
1 7711
1 9989
1 446
1 9991
1 6054
1 9993
1 6125
1 9995
1 4039
1 9997
1 3960
1 9999
1 5415
