10000
1 5097
10 6 12 17 52 78 213 235 1273 4312 7745
6 2 22 567 572 820 2593
5 3 14 1309 2674 6545
5 4 609 4292 4297 6126
7 5 28 137 139 146 1438 6593
2 2 1585
4 7 19 25 30
6 8 583 4130 4135 4139 4143
3 4 32 38
2 10 55
4 11 336 744 749
3 2 1164 3365
1 13
2 4 143
1 15
4 16 1900 3856 3862
2 3 177
5 18 182 588 7727 7733
1 8
3 20 2396 5218
2 21 6064
2 3 8519
2 23 3152
5 24 164 170 190 1037
4 7 135 313 319
1 26
1 27
1 10
2 29 35
6 8 105 1091 2102 2106 7982
3 31 150 154
5 10 41 279 5014 5018
3 33 49 66
4 34 5842 5847 5852
4 30 111 2513 2517
1 36
2 37 699
4 22 57 195 201
1 39
2 40 92
2 20 776
2 42 915
3 46 429 1228
3 44 61 103
2 45 3765
1 2
1 47
3 48 148 152
1 34
1 50
3 51 59 296
6 24 512 516 521 1366 7329
1 53
2 54 108
3 52 238 243
4 56 75 80 3635
1 39
2 58 82
2 6 90
2 60 932
2 63 210
2 62 68
4 63 84 119 404
2 64 1567
1 65
2 34 9214
1 67
1 37
1 69
2 70 1070
1 73
4 72 94 1174 6257
4 2 130 427 656
1 74
3 57 217 1150
2 76 694
3 77 7285 7291
2 2 172
3 79 4338 4344
4 23 87 436 441
1 81
3 46 1072 1077
3 83 690 754
6 77 184 760 764 769 1650
4 85 303 1348 1353
1 86
2 83 3447
1 88
4 89 116 132 8718
2 73 850
1 91
3 41 198 5124
1 93
2 73 9967
3 95 3570 3575
3 96 495 4897
4 100 267 727 732
2 98 661
3 99 508 722
2 39 1162
2 101 6409
2 102 471
4 23 5547 6047 7724
2 104 9719
5 35 375 473 1392 9803
4 106 399 3514 8830
1 107
5 98 241 246 277 710
2 109 8335
2 110 1109
2 10 4124
2 112 339
2 94 8016
5 114 935 2798 2803 2807
1 115
3 60 1689 1694
1 117
4 118 174 179 8917
1 64
2 120 560
2 121 1630
1 60
2 123 541
4 127 356 2031 2036
4 125 271 438 591
2 126 1011
2 90 803
2 128 1534
2 129 2249
2 74 788
2 131 481
3 6 394 498
1 133
1 134
4 26 2858 3801 3807
2 136 2015
1 23
2 138 233
3 103 871 7317
4 140 219 230 1681
2 48 3827
7 142 921 925 2755 4909 8890 8895
1 50
1 144
4 145 402 407 2261
1 32
1 147
2 49 1525
2 149 3090
1 32
2 151 1144
2 49 8418
2 153 1804
2 159 416
5 155 391 397 1486 1783
2 156 411
2 157 1326
3 158 162 167
2 25 431
4 160 600 605 5788
2 161 2373
1 159
1 163
2 25 2384
1 165
5 166 187 3223 3228 3233
1 159
1 168
2 169 453
2 122 8235
1 171
1 18
4 173 316 321 4307
3 119 486 490
1 175
2 176 287
9 18 1116 1121 6651 6655 6660 8613 8619 8624
2 178 506
1 85
1 180
1 181
2 19 3021
3 183 2164 3909
1 58
2 185 929
3 186 285 1941
1 11
2 188 252
5 189 207 1024 2129 2386
1 192
2 191 5060
2 93 344
1 193
1 194
5 39 1390 2662 2666 7790
1 196
3 197 257 9610
1 93
4 199 2557 2562 2567
1 200
3 204 1973 9480
1 202
3 203 1424 5271
2 180 1141
1 205
2 206 6129
5 2 373 378 545 5558
2 208 1198
1 209
1 62
1 211
2 212 2915
1 36
4 214 6644 7369 7374
3 65 260 5446
2 216 1233
1 17
1 218
1 30
2 220 4099
1 16
2 222 254
2 223 2173
1 226
1 225
1 58
1 227
1 41
2 229 9467
1 2
1 231
1 232
1 139
1 234
1 109
2 236 469
2 237 4809
1 56
1 239
2 240 4584
4 109 324 3753 4951
1 242
2 56 424
3 244 1237 1903
2 245 3045
2 250 3434
3 247 1969 6639
2 248 365
3 249 1219 2147
3 134 2484 7823
1 251
3 106 986 4322
2 253 9424
3 216 1186 3508
1 255
2 256 980
1 198
2 258 351
3 259 9026 9036
1 264
3 261 552 576
2 262 443
3 263 381 386
2 14 363
2 265 282
2 266 2647
3 135 4849 7144
2 268 1086
1 26
2 270 3962
3 109 346 3239
1 272
2 273 6348
1 186
1 275
1 276
2 266 4733
1 278
4 33 635 641 6193
2 280 450
1 281
1 61
4 283 1599 1603 1608
4 284 535 562 1715
2 30 7580
1 286
1 290
5 288 895 1363 1446 4988
6 289 293 298 549 557 4774
2 52 6211
1 291
1 292
4 290 569 574 8130
1 294
1 295
4 52 781 5133 5137
3 297 1013 1590
3 248 1752 2871
1 299
1 300
1 207
5 302 488 1623 1627 6259
1 208
3 304 646 853
1 90
3 306 332 1461
1 311
2 308 7711
2 309 9152
2 310 638
3 174 653 658
2 312 7049
1 26
1 314
5 315 1620 1625 3475 9021
1 174
1 317
1 318
1 26
2 320 9383
2 160 4341
1 322
3 323 624 1303
2 12 1562
1 325
3 326 729 1203
2 81 358
4 328 543 547 1404
1 231
3 330 460 466
2 331 1159
1 307
1 333
4 306 2104 2108 3261
2 335 361
1 125
4 337 836 840 1894
1 338
1 341
2 340 1382
6 272 4920 4925 4930 6716 6721
1 342
2 343 1111
3 193 1001 3825
5 345 6521 8995 8999 9003
1 349
1 347
1 348
3 301 1453 8126
4 350 668 673 1540
3 192 1919 1925
1 352
1 209
4 354 827 1532 4107
1 355
1 340
1 357
1 265
3 359 1615 1826
3 360 6346 6350
1 336
3 362 1330 1334
2 302 1618
5 364 383 388 2470 2476
1 249
1 366
3 371 4042 4046
1 368
4 369 1171 1176 9879
1 370
2 106 704
3 372 2610 4995
1 208
1 374
2 106 1155
2 376 808
4 377 1317 1323 2440
3 365 1456 1530
1 379
1 380
1 264
2 382 965
1 365
1 384
1 385
1 264
1 387
1 133
8 389 2766 2878 2882 4348 4352 4358 6464
1 390
1 156
1 392
2 393 533
3 133 696 2241
1 395
1 396
2 86 433
3 398 974 5657
2 64 4496
1 400
1 401
2 146 838
2 403 2305
1 64
2 405 4474
2 406 7797
1 157
1 408
1 8
3 410 3568 3572
2 155 5244
1 412
2 386 758
1 414
1 415
1 418
1 417
3 244 633 4005
1 419
3 420 2042 2047
2 412 1686
1 422
1 423
1 93
3 425 678 683
1 426
3 160 830 3158
2 428 3884
1 44
5 430 917 7857 7862 7866
4 200 3014 3018 9909
2 432 1134
2 126 8865
1 434
2 435 510
1 81
2 437 2837
3 126 519 524
3 439 2487 8437
1 440
1 256
2 442 7650
3 172 1720 1724
3 444 1300 1306
3 445 1697 9722
2 281 5585
2 447 1838
1 170
1 449
2 281 611
1 451
1 452
1 455
1 454
3 187 5456 5460
1 456
1 457
1 237
3 459 805 4592
1 331
1 461
1 462
1 237
3 464 2080 4190
2 465 3494
1 331
2 467 628
1 468
1 115
2 470 3453
3 220 845 5331
2 472 1998
1 478
1 474
2 475 701
1 476
2 477 971
1 283
2 479 526
1 480
1 483
3 482 762 766
2 303 528
4 484 2649 4428 7448
1 485
2 175 1419
2 487 6493
1 303
2 489 9391
2 315 1465
1 491
1 133
1 493
3 494 663 680
3 97 2320 2329
1 496
1 497
1 503
1 499
2 500 2525
1 501
3 502 4789 5323
2 299 940
2 504 1343
2 505 1762
1 436
3 507 1124 1130
1 100
1 509
1 439
2 511 1276
3 53 5169 5174
1 513
2 439 3040
1 515
1 53
2 517 6699
2 518 538
1 439
1 520
3 53 1470 1474
1 522
1 523
2 484 2126
1 525
1 480
1 527
2 531 3436
7 529 2212 2510 2515 3812 3817 3821
5 530 1339 5565 5571 5580
7 99 715 720 1492 4608 4614 4619
1 532
1 415
2 534 7400
3 124 1731 7852
1 536
2 537 2548
3 519 1867 1873
1 539
5 540 6378 9938 9943 9947
3 208 774 869
2 542 2034
4 329 593 8118 8123
3 544 843 847
1 208
1 546
1 262
1 548
1 290
1 550
1 551
1 554
2 553 4452
1 121
4 555 585 5993 5998
3 556 778 783
1 290
1 558
1 559
1 456
3 561 2280 3380
1 42
4 563 2340 4611 4616
1 564
3 294 746 1239
1 566
2 3 866
1 568
1 294
1 570
1 571
1 3
2 573 814
4 274 3689 3699 9487
2 575 800
3 581 740 1278
1 577
1 578
2 579 7105
1 580
3 38 5069 5074
1 582
1 549
1 584
1 446
5 586 670 676 4365 4370
1 587
1 545
1 589
1 590
1 448
1 592
1 598
1 594
1 595
1 596
5 597 603 607 919 923
1 598
2 599 1136
1 161
3 601 4162 7930
1 602
2 598 8661
1 604
1 161
2 606 4154
1 451
1 608
1 5
1 610
2 616 5131
1 612
10 613 2944 2949 2953 2963 3444 3450 4722 8487 8492
1 614
2 615 1516
2 487 3192
1 617
1 618
1 622
2 620 946
1 621
2 190 882
2 623 1377
1 324
2 625 3535
1 90
3 627 5039 5045
4 630 1083 5141 5145
2 629 2978
2 228 643
1 631
1 632
1 311
1 634
1 280
1 636
2 637 6514
1 311
1 639
1 640
1 593
2 642 1662
1 113
2 644 887
2 645 1692
2 650 811
1 647
1 648
1 649
1 74
1 651
3 652 4406 4410
1 312
2 654 2843
3 655 1039 1043
2 74 9543
1 657
4 382 908 1922 4244
2 659 9187
1 660
2 611 7488
1 662
3 665 3402 9798
1 664
1 587
2 666 944
2 667 706
1 351
1 669
1 587
2 671 878
2 672 6886
2 351 2095
3 674 8542 8547
1 675
2 495 1850
2 677 3703
1 426
1 679
4 495 983 988 1075
3 681 2868 2873
1 682
4 688 1285 1290 6880
4 684 1435 3279 3285
1 685
2 686 1225
2 687 4818
1 135
2 689 1063
1 84
1 691
3 51 4704 4708
1 693
3 188 893 898
2 695 7937
1 476
1 697
1 698
3 38 1948 1953
1 700
1 444
2 702 7954
4 703 1345 1356 1361
4 42 1717 1722 1739
3 705 1113 4242
4 32 5907 5913 5919
1 707
3 157 8453 8458
1 709
1 713
2 711 1514
1 712
1 478
2 714 8319
1 532
1 716
1 478
1 718
1 719
1 498
6 721 1374 1379 4742 7059 7064
1 98
1 723
2 327 2355
1 725
5 726 3981 3986 3990 3995
1 98
1 728
2 327 4641
3 730 1152 1400
1 731
2 737 3746
5 733 2942 2947 2951 2956
1 734
1 735
1 736
1 353
2 738 9217
1 739
2 12 890
3 741 2368 3624
1 566
1 743
2 12 8869
1 745
3 566 1208 1213
3 747 5469 5474
1 748
1 12
2 750 3788
1 751
1 621
1 753
2 756 963
1 755
1 331
2 757 4441
2 483 5160
1 759
2 85 7785
1 761
1 483
1 763
1 85
3 765 3916 3921
2 483 1433
2 767 2187
1 768
1 772
1 770
2 771 1777
3 42 2072 2077
1 773
1 542
4 775 798 954 960
2 297 1017
1 777
1 557
1 779
1 780
2 297 6877
3 782 4586 7688
1 351
1 784
1 357
1 786
1 787
1 131
1 789
1 357
1 791
2 796 7273
1 793
1 794
1 795
1 150
1 797
1 76
1 799
1 262
1 801
2 802 1311
2 113 3246
1 804
4 659 5545 8189 8195
2 806 3593
1 807
1 622
2 809 1402
2 810 4363
1 438
1 812
1 813
1 3
2 815 3838
5 816 1049 1055 1060 1845
2 811 5934
1 818
1 819
2 824 949
1 821
1 822
1 823
4 428 1127 1132 1499
1 825
4 826 5905 5910 5916
5 355 952 957 8164 8169
1 828
2 829 1588
1 834
2 831 3544
2 832 5121
2 833 859
2 403 6399
2 835 9538
1 338
1 837
2 403 1966
1 839
2 472 862
3 841 2800 2805
1 842
1 545
1 844
3 472 857 8293
1 846
1 364
2 848 1022
1 849
1 534
1 851
1 852
3 855 2288 2292
1 854
4 627 4210 4215 4221
1 856
1 841
2 858 5233
2 834 5118
1 860
1 861
3 864 913 8327
1 863
2 53 1519
3 865 998 1004
1 652
1 867
1 868
1 360
1 870
1 140
3 872 905 910
1 672
1 874
1 250
1 876
1 877
3 880 1882 1888
2 879 2992
3 1 7952 7957
2 881 4985
1 884
2 883 1181
1 735
2 885 1200
5 886 9285 9291 9297 9303
1 534
1 888
4 889 2209 2919 2924
2 289 1917
4 891 2347 2352 3315
2 892 5938
3 695 1774 1780
1 894
5 289 2702 3128 3132 3138
3 896 1957 2277
2 897 7807
1 900
2 899 2376
2 112 3956
1 901
2 902 4266
3 659 2070 4684
2 904 8506
1 873
1 906
1 907
4 659 6132 6137 6142
1 909
1 43
4 911 2179 5281 5285
1 912
1 863
2 914 3481
4 318 1210 5770 5775
2 916 4805
2 143 2617
4 918 1542 1552 5762
1 598
1 920
1 143
3 922 5143 5860
2 598 3147
1 924
1 927
1 926
2 61 2177
1 928
1 186
1 930
3 931 2149 2154
1 186
2 933 1441
1 934
1 937
5 936 1271 3692 3697 3701
1 848
6 938 1601 1606 1610 5617 5621
1 939
3 667 2152 2157
1 941
2 419 1266
1 943
3 27 2345 2350
1 945
1 65
1 947
1 948
1 776
1 950
1 951
1 828
5 953 1257 1865 1870 1875
5 776 1058 1929 1935 1939
4 955 1633 1642 3174
2 956 2823
2 828 1193
1 958
2 959 8065
1 383
1 961
1 962
2 755 9163
1 964
2 968 5287
2 966 3804
6 967 1736 2723 2727 2732 3290
3 399 2999 3003
1 969
1 970
1 478
1 972
3 973 1990 1996
1 257
5 975 7136 8039 8045 8290
5 976 1746 3083 7466 8171
2 509 1147
1 978
1 979
2 253 3312
3 981 1815 1821
1 982
2 681 2738
1 984
1 985
6 253 1478 1483 1489 5786 5791
2 987 5819
1 992
5 989 2559 2565 2569 8759
2 990 1095
3 991 8402 8406
1 866
5 993 1559 1564 2290 2295
3 994 8013 9407
2 345 4206
2 996 3859
6 997 1672 1678 1768 1772 2018
1 866
2 999 7742
1 1000
1 345
3 1002 5615 5619
1 1003
1 866
3 1005 3875 7471
5 127 1029 1179 1184 1712
1 1007
1 1008
1 206
1 1010
1 317
1 1012
5 201 1654 2887 2892 2896
2 1014 2199
2 293 8463
1 1016
2 1019 1372
2 1018 7083
1 190
2 1020 3597
2 1021 6762
1 849
1 1023
1 833
1 1025
2 1026 1041
1 655
2 1028 1195
1 1034
4 1030 1260 2269 2275
2 1031 4915
1 1032
1 1033
1 622
1 1035
2 1036 1915
5 1027 1576 1582 2490 3595
1 1038
1 656
7 1040 1971 1976 2317 2323 2327 2331
1 1027
1 1042
1 59
1 1044
1 1045
1 955
1 1047
2 1048 5624
1 817
1 1050
1 1051
1 955
2 1053 4019
1 1054
2 817 1293
3 1056 2394 2398
2 1057 4390
2 955 8554
1 1059
1 87
2 1061 4008
1 1062
2 1066 3282
1 1064
1 1065
1 616
1 1067
1 899
1 1069
3 681 3130 3135
1 1071
1 83
1 1073
1 1074
3 681 6004 6585
7 1076 1245 1249 1426 4132 4137 4141
2 269 8807
1 1078
1 629
1 1080
1 269
2 1082 6591
2 629 2381
1 1084
1 1085
1 31
1 1087
1 1088
1 109
1 1090
1 1022
1 1092
1 127
1 1094
1 991
1 1096
1 1097
1 130
1 1099
1 1100
2 1106 2227
5 1102 2629 2633 2638 5550
1 1103
2 1104 2748
1 1105
1 574
1 1107
6 1108 1407 1412 8637 8642 8648
1 837
1 1110
1 1
1 1112
1 110
1 1114
1 1115
2 178 1684
1 1117
1 1118
1 110
3 1120 1789 1795
1 825
3 1122 4864 6678
2 1123 1847
2 508 1742
4 1125 3001 4750 4755
2 1126 2587
2 825 1765
1 1128
2 1129 7908
1 508
2 1131 3320
2 600 2671
1 1133
1 433
1 1135
1 1138
1 1137
4 152 2551 2860 2862
1 1139
1 1140
3 205 3048 6182
1 1142
1 1143
1 76
1 1145
3 1146 4330 8416
3 978 4048 7717
1 1148
3 1149 5429 6228
1 1037
2 1151 1964
1 662
1 1153
3 1154 1792 1798
2 1157 1508
1 1156
1 865
1 1158
6 13 2917 2921 3190 3195 9208
2 1160 1910
1 1161
1 101
2 1163 7924
1 1167
2 1165 2839
3 1166 1835 1840
1 370
4 1168 5306 5310 6195
1 73
1 1170
2 370 2786
1 1172
3 1173 4535 5879
1 73
1 1175
1 884
3 1177 3142 8827
2 1178 3081
2 1007 2235
3 1180 1657 7046
1 884
3 1182 1409 4730
1 1183
2 827 3042
1 1185
1 1190
2 1187 2814
1 1188
3 1189 5922 5927
1 1029
2 1191 6022
1 1192
1 958
4 1194 1729 1733 4076
2 1078 5969
4 1196 2453 2457 2462
2 1197 1328
1 327
2 1199 2203
1 886
1 1201
1 1202
1 300
1 1204
1 916
1 1206
1 1207
1 747
1 1209
3 916 5023 5029
1 1211
1 1212
1 1216
1 1214
1 1215
1 647
4 1217 1314 1320 9267
1 1218
1 309
1 1220
2 1221 1463
1 44
2 1223 1247
4 1224 2023 6596 7714
1 687
2 1226 7887
1 1227
2 484 5078
2 1229 10000
1 1230
3 388 3749 5962
1 1232
4 1235 6731 6736 9871
1 1234
1 659
1 1236
1 574
4 1238 2528 2533 2539
2 1243 3074
1 1240
2 1241 2523
1 1242
2 1224 2059
4 1244 3501 3505 6244
1 1077
2 1246 2013
1 1224
1 1248
4 1254 2885 2889 2894
2 1250 5260
3 1251 2113 4753
3 1252 2442 6769
2 1253 1579
1 1031
1 1255
1 1256
1 954
5 1258 4573 5942 5946 9570
1 1259
4 1264 3517 3522 5898
3 1261 1707 2052
2 1262 1675
1 1263
1 929
1 1265
2 1269 6672
1 1267
1 1268
2 627 2302
2 1270 2259
1 512
1 1272
1 2
1 1274
1 1275
1 156
2 1277 8977
1 577
2 1279 2089
3 1115 2086 2771
1 1281
2 1282 1431
2 147 8037
3 1284 9834 9840
3 684 6338 6343
1 1286
2 1287 3456
1 147
1 1289
1 648
1 1291
2 1292 4261
1 1295
2 1294 3078
3 795 4193 7748
2 1296 3720
1 1297
3 324 5477 5483
4 1299 6309 6315 6319
2 445 3713
2 1301 3999
2 1302 2000
4 324 2713 2717 4644
1 1304
2 1305 7096
2 1130 1459
1 1307
3 1308 3941 3946
1 79
1 1310
2 378 4999
1 1312
1 1313
1 1218
1 1315
1 1316
3 378 3036 7210
1 1318
1 1319
3 1218 3439 3556
2 1321 2930
1 1322
2 1198 1332
1 1324
1 1325
2 158 7098
1 1327
1 1324
1 1329
1 363
1 1331
2 1324 6472
2 1333 4246
4 1337 2045 2218 2223
1 1335
1 1336
2 310 2307
2 1338 5747
1 433
3 1340 2444 7574
1 669
2 1342 3777
1 86
1 1344
1 704
5 1346 5596 5601 5881 5885
1 1347
1 86
1 1349
3 1350 3726 3731
1 704
7 1352 1545 1550 1554 8325 9010 9016
1 86
3 1354 2912 4315
1 1355
3 704 2191 2687
1 1357
1 1358
1 86
1 1360
2 53 4904
4 1362 3733 8581 8587
1 289
2 1364 2784
2 1365 6628
3 1018 3677 7056
1 1367
1 1368
2 1038 6153
1 1370
1 1371
1 624
1 1373
2 722 5432
4 1375 3621 4173 4182
1 1376
2 624 2851
3 1378 6704 8287
3 61 1812 1818
1 1380
1 1381
3 1387 2009 7613
1 1383
1 1384
1 1385
3 1386 2256 3375
1 106
1 1388
2 1389 3465
1 196
1 1391
1 1397
1 1393
1 1394
1 1395
4 1396 1468 1472 1476
5 610 2365 4105 5454 5458
2 1398 3469
1 1399
1 945
1 1401
2 571 3164
1 1403
2 1183 1665
1 1405
1 1406
2 1109 3905
2 1408 3619
1 1183
3 1410 4540 4545
1 1411
1 1416
1 1413
2 1414 6364
1 1415
4 1050 2168 3011 3016
1 1417
1 1418
1 487
1 1420
2 1421 2201
1 777
5 1423 6054 6059 9332 9336
2 675 2140
2 1425 9724
1 1077
1 1427
1 1428
2 135 6490
1 1430
2 38 4404
2 1432 3799
2 6 5900
1 1434
2 685 1502
1 1436
1 1437
4 1075 1635 1639 1644
1 1439
2 1440 2134
1 1443
1 1442
1 396
2 1444 2039
1 1445
1 1451
4 1447 1670 3347 3352
1 1448
3 1449 2554 5796
1 1450
2 526 6694
1 1452
1 818
1 1454
2 1455 6033
1 307
2 1457 8900
1 1458
1 1307
1 1460
1 491
2 1462 6301
1 1222
2 1464 1943
5 522 7350 7356 7361 7366
2 1466 1495
1 1467
1 1397
4 1469 2021 4151 7200
1 522
2 1471 7100
2 1397 4760
1 1473
6 522 2266 2272 2337 4074 4079
1 1475
2 156 9894
2 1477 4431
1 987
2 1479 8767
1 1480
1 156
1 1482
1 987
2 1484 3751
2 1485 2689
1 156
2 1487 1855
1 1488
1 1467
2 1490 4873
1 1491
3 532 2334 8249
1 1493
1 1494
1 1467
2 1496 2831
2 1436 5890
1 1498
2 825 4717
6 1500 2576 2582 3220 3230 3235
1 1501
1 1506
1 1503
2 1504 6578
1 1505
1 739
2 1507 5300
4 1156 3099 3105 8277
1 1509
1 1510
1 1075
2 1512 7673
3 1513 6101 6106
1 759
3 1515 1824 1828
1 938
1 1517
1 1518
2 1522 3023
2 1520 2968
1 1521
1 1357
2 1523 5485
2 1524 5862
1 149
1 1526
1 355
2 1528 3663
1 1529
3 379 2828 2833
1 1531
2 434 3878
2 1533 5242
1 129
1 1535
3 1536 1709 5380
1 147
1 1538
2 1539 1978
2 1353 2116
1 1541
1 919
2 1543 4866
5 1544 3062 3066 4398 7832
1 1353
1 1546
4 919 2312 9340 9346
1 1548
1 1549
1 1353
1 1551
3 919 1596 2061
1 1553
2 994 4459
1 1555
1 1556
1 325
1 1558
1 994
1 1560
2 1561 8611
2 325 3870
1 1563
1 882
2 1565 5817
5 1566 1945 1950 4639 7738
1 837
2 1568 3841
1 1569
1 1574
1 1571
7 1572 2596 2602 2660 2664 4879 4884
2 1573 4289
1 1254
3 1575 2619 2624
4 1038 6837 6841 6846
3 1577 1897 6205
1 1578
1 1254
2 1580 1593
1 1581
1 830
1 1583
1 1584
1 7
1 1586
1 1587
1 1269
2 1589 5166
2 1234 4302
3 1591 2422 2427
1 1592
1 329
1 1594
2 1595 2121
1 939
1 1597
2 1598 7293
2 284 1852
2 1600 9193
1 939
1 1602
1 284
3 1604 2357 2361
3 1605 4319 4324
1 939
2 1607 7226
1 284
1 1609
1 1613
1 1611
1 1612
1 364
1 1614
1 360
1 1616
2 1617 8946
2 303 6035
1 1619
1 316
1 1621
1 1622
2 303 3666
1 1624
1 316
2 1626 9225
1 1177
1 1628
1 1629
1 1439
2 1631 3028
2 1632 5050
1 956
4 1634 5312 5317 8421
1 1439
1 1636
2 956 6373
2 1638 5655
1 1439
2 1640 9877
1 1641
1 956
1 1643
1 85
1 1645
2 1646 2391
1 765
1 1648
1 1649
1 1014
1 1651
2 378 7583
2 1653 2791
2 1412 1858
1 1655
3 1656 4065 4069
1 1659
1 1658
1 1405
1 1660
1 1661
1 643
1 1663
1 1664
1 1448
1 1666
1 1667
1 1138
3 1669 3304 3309
1 1263
1 1671
2 998 7850
2 1673 2757
2 1674 2970
1 1263
1 1676
1 1677
1 1117
1 1679
4 1680 2309 2314 9761
1 141
6 1682 5410 6561 6566 9008 9013
1 1683
1 1427
1 1685
1 646
4 1687 4327 4462 4466
2 1688 6757
1 117
1 1690
1 1691
3 646 2760 8209
1 1693
1 1664
1 1695
2 1696 6975
1 1702
2 1698 2438
1 1699
1 1700
4 1701 1806 1810 2779
1 1172
1 1703
1 1704
1 783
1 1706
2 1007 3386
1 1708
5 1537 2414 2419 2424 2430
1 1710
1 1711
1 1202
1 1713
1 1714
2 444 5247
1 1716
2 705 3767
2 1718 6281
2 1719 3059
2 444 2170
1 1721
1 705
2 1723 9258
1 444
1 1725
1 1726
1 536
2 1728 6954
1 1195
1 1730
4 536 2541 4090 4096
1 1732
1 705
1 1734
1 1735
1 968
3 1737 2750 9314
1 1738
2 715 3349
1 1740
2 1741 2764
1 1744
2 1743 5633
2 1087 9338
1 1745
2 977 8133
2 1747 4728
1 1748
2 1380 5427
1 1750
1 1751
1 1757
1 1753
1 1754
1 1755
1 1756
2 1340 3005
1 1758
1 1759
2 1520 5115
2 1761 3053
1 998
3 1763 2579 2584
1 1764
1 1128
1 1766
1 1767
1 998
3 1769 3637 3642
1 1128
4 1771 2720 2725 2729
1 772
1 1773
1 894
3 1775 5707 5713
1 1776
2 772 7620
3 1778 7204 7683
1 1779
1 675
3 1781 2189 2194
1 1782
2 1121 9902
1 1784
5 1785 6416 6421 6427 6432
2 1155 6304
1 1787
1 1788
1 1121
2 1790 5750
2 1791 4938
3 1155 7425 7430
2 1793 9197
4 1794 3200 6180 7596
1 1121
3 1796 3914 7730
1 1797
2 1801 2906
1 1799
1 1800
1 1702
1 1802
1 1803
1 154
1 1805
1 1702
1 1807
8 154 1880 1885 1890 2451 2455 2460 2464
1 1809
3 982 3330 3336
1 1811
1 1380
1 1813
1 1814
3 982 2011 3938
1 1816
1 1817
1 1380
2 1819 4601
1 1820
1 360
1 1822
2 1823 1905
3 1516 3927 3931
1 1825
1 360
2 1827 6166
2 1833 7258
1 1829
1 1830
2 1831 6169
2 1832 7946
1 448
1 1834
1 1167
2 1836 5416
2 1837 2286
2 448 2098
1 1839
1 1842
3 1841 3610 4842
1 1153
1 1843
1 1844
1 96
1 1846
1 1600
1 1848
2 1849 6457
3 677 2841 2845
1 1851
2 1655 9988
2 1853 3911
1 1854
2 1488 8803
1 1856
3 1857 3757 3761
1 1862
1 1859
1 1860
2 1861 2865
1 539
1 1863
1 1864
2 954 3237
1 1866
1 539
2 1868 1932
2 1869 3070
1 954
1 1871
2 1872 3302
2 539 6380
2 1874 2762
1 954
1 1876
1 1877
1 879
2 1879 5794
1 1809
1 1881
1 879
1 1883
3 1884 6798 6804
1 1809
1 1886
1 1887
1 879
2 1889 5129
1 1892
1 1891
1 15
1 1893
1 17
1 1895
4 1896 2137 2142 5647
1 1578
2 1898 7087
1 1899
1 1824
2 1901 5112
1 1902
1 245
1 1904
1 1907
1 1906
1 1722
1 1908
1 1909
1 1224
1 1911
1 1912
4 269 3983 3988 3997
1 1914
2 1402 6663
1 1916
1 659
1 1918
1 352
2 1920 3763
1 1921
1 659
1 1923
1 1924
1 955
1 1926
3 1869 2407 2412
3 1928 2788 4795
1 955
1 1930
1 1931
1 1869
2 1933 5985
1 1934
2 955 2835
1 1936
1 1869
2 1938 3673
1 1465
2 1940 6683
1 187
1 1942
1 700
1 1944
1 1567
1 1946
2 1947 2118
1 700
1 1949
4 1567 3333 3339 3344
1 1951
1 1952
2 1955 9190
1 1954
5 1392 2404 2473 2478 2482
1 1956
1 1961
2 1958 3793
1 1959
2 1960 6062
1 839
3 1962 9442 9446
2 1963 3851
1 1152
1 1965
1 837
1 1967
1 1968
1 202
1 1970
1 1041
1 1972
3 202 2410 9149
1 1974
2 1975 5822
3 1922 6884 6888
1 1977
1 1983
2 1979 2131
1 1980
1 1981
1 1982
4 1837 3389 3393 4423
1 1984
1 235
1 1986
1 195
2 1988 3944
1 1989
4 974 3178 3182 3187
2 1991 4720
3 1992 5398 5402
1 195
1 1994
1 1995
3 1081 8867 8872
1 1997
1 726
2 1999 2520
1 2004
1 2001
1 2002
2 2003 2492
1 725
4 2005 3723 3729 9318
1 2006
2 1105 7603
2 2008 8787
1 1247
2 2010 2927
3 1816 3397 4415
2 2012 8114
1 998
1 2014
1 137
1 2016
3 2017 4259 4263
1 1040
1 2019
1 2020
1 978
1 2022
2 2028 2497
1 2024
2 2025 6904
3 2026 2359 2363
1 2027
1 543
1 2029
1 2030
1 125
2 2032 3025
1 2033
5 543 4093 9634 9639 9645
1 2035
1 238
2 2037 5979
1 2038
1 1335
1 2040
1 2041
1 421
2 2043 8305
3 2044 2196 9688
1 1335
1 2046
2 2049 3259
1 2048
1 1249
1 2050
1 2051
1 2057
2 2053 5265
1 2054
1 2055
1 2056
2 178 2612
1 2058
1 2048
3 2060 8584 8590
1 2064
3 2062 4273 4283
2 2063 4762
1 904
1 2065
1 2066
1 309
1 2068
2 2069 4426
3 465 5607 5639
1 2071
1 773
1 2073
3 465 9265 9270
1 2075
1 2076
2 773 6925
2 2078 4802
1 2079
1 1281
1 2081
4 2082 4346 4350 4355
1 2047
1 2084
1 2085
1 1420
2 2087 3076
1 2088
1 2092
2 2090 8252
1 2091
1 1839
1 2093
2 2094 9513
2 674 7413
1 2096
1 2097
1 1839
3 2099 4649 4655
1 335
2 2101 2389
1 31
1 2103
1 335
1 2105
1 31
1 2107
1 2111
2 2109 5083
1 2110
2 1541 6094
1 2112
1 1252
3 2114 4624 4630
1 2115
2 1446 7473
3 2117 3538 4102
1 1414
3 2119 3096 3102
2 2120 9176
1 1761
2 2122 3640
1 190
1 2124
1 2125
1 525
1 2127
1 2128
2 257 8819
1 2130
2 1434 5895
1 2132
1 2133
1 1425
1 2135
5 2136 2221 2225 8640 8645
1 1897
2 2138 3034
1 2139
1 1425
1 2141
1 2144
3 2143 2531 2536
1 440
4 2145 6306 6312 6317
1 2146
3 941 5661 5666
1 2148
1 932
1 2150
1 2151
1 941
2 2153 3007
1 932
2 2155 5588
2 2156 6556
1 278
1 2158
1 184
2 2160 3710
2 278 9472
1 2162
5 2163 2694 4375 4380 8108
1 184
1 2165
1 1557
1 2167
1 224
1 2169
1 1721
1 2171
1 2172
1 2175
1 2174
1 912
1 2176
1 928
2 2178 3462
1 425
1 2180
1 2185
1 2182
1 2183
3 2184 7252 7256
1 2127
1 2186
1 1357
1 2188
1 1782
1 2190
1 1357
2 2192 2506
1 2193
1 1404
1 2195
1 1422
2 2197 2401
1 2198
3 1015 2615 2825
1 2200
1 1843
1 2202
1 890
1 2204
1 2205
1 530
1 2207
1 2208
1 890
1 2210
1 2211
1 1335
5 2213 5568 5573 8055 8060
1 2214
1 2137
1 2216
2 2217 3370
1 1335
1 2219
1 2220
1 2137
1 2222
2 1335 3591
1 2224
1 1290
1 2226
3 1102 9173 9179
1 2228
1 2233
2 2230 4682
1 2231
2 2232 4111
1 1688
1 2234
1 272
1 2236
1 2239
1 2238
1 2139
1 2240
1 1818
1 2242
1 1451
1 2244
1 2245
1 1955
1 2247
1 2248
4 2254 5238 7454 7459
4 2250 9540 9545 9551
3 2251 2817 8173
1 2252
1 2253
2 2123 3882
1 2255
1 1751
1 2257
1 2258
1 2238
1 2260
1 2264
1 2262
1 2263
1 1031
2 2265 6882
1 1475
1 2267
1 2268
3 1031 3198 3202
1 2270
6 2271 9051 9055 9061 9066 9070
1 1475
5 2273 9693 9698 9704 9708
1 2274
1 562
1 2276
2 897 3207
1 2278
1 2279
1 1838
1 2281
1 2282
3 247 3114 3118
2 2284 2909
1 2285
1 994
2 2287 9624
1 854
2 2289 3743
1 994
2 2291 2708
1 854
1 2293
1 2294
1 2300
1 2296
1 2297
2 2298 7598
1 2299
1 404
3 2301 7697 7702
1 1270
2 2303 7411
1 2304
3 1620 2986 5297
1 2306
1 1548
1 2308
1 1681
1 2310
3 2311 7469 7842
3 1548 4674 4679
1 2313
2 496 3823
1 2315
1 2316
1 1041
1 2318
1 2319
1 496
1 2321
1 2322
1 1041
1 2324
1 496
1 2326
1 1041
1 2328
1 496
1 2330
2 823 5413
1 2332
3 2333 5388 5393
1 564
1 2335
1 2336
1 1475
2 2338 3154
2 2339 3668
2 2342 4027
1 2341
3 892 5235 5684
1 2343
1 2344
1 945
1 2346
1 892
1 2348
3 2349 8137 8142
1 945
1 2351
1 1699
1 2353
1 2354
1 2027
1 2356
1 1605
1 2358
1 2027
1 2360
1 1605
1 2362
1 742
1 2364
1 1398
2 2366 6052
1 2367
1 162
1 2369
1 900
1 2371
1 2372
3 162 4504 7545
1 2374
1 2375
1 2379
1 2377
1 2378
1 1770
1 2380
1 97
1 2382
1 2383
1 769
1 2385
1 1647
1 2387
1 2388
1 2102
1 2390
2 21 4187
1 2392
1 2393
1 1057
3 2395 9686 9691
1 21
1 2397
1 1956
1 2399
2 2400 7398
1 2198
1 2402
1 2403
1 1974
1 2405
1 2406
1 1928
3 2408 6811 7640
1 2409
2 1974 4792
1 2411
1 1592
2 2413 2668
1 1710
1 2415
4 1592 6438 6444 6450
2 2417 6633
1 2418
1 1710
3 2420 4378 4382
1 2421
1 1592
1 2423
1 1710
2 2425 3107
1 2426
2 1592 5009
1 2428
1 2429
3 1710 2622 2626
2 2431 5451
3 2435 4701 4706
4 2433 3156 3161 3273
1 2434
2 378 5100
1 2436
1 2437
6 1699 4476 4481 4486 4492 4523
1 2439
2 312 2854
1 2441
1 26
3 2443 5135 5139
1 2448
1 2445
1 2446
1 2447
1 1197
5 2449 3519 3525 8341 8347
1 2450
2 1809 3832
3 2452 4554 4559
1 1197
1 2454
1 1809
1 2456
2 1197 4861
1 2458
1 2459
1 1809
1 2461
1 1197
1 2463
2 361 2607
3 2465 2989 2994
1 2466
1 1956
1 2468
1 2469
1 365
1 2471
1 2472
1 1956
1 2474
1 2475
2 365 6045
4 2477 3057 7892 7897
1 1956
1 2479
1 365
1 2481
2 451 5184
2 2483 6483
1 1038
2 2485 7062
3 2486 2599 2605
2 440 8467
1 2488
2 2489 3586
1 1462
1 2491
1 2024
2 2493 4858
1 2494
1 2272
1 2496
2 2500 7202
1 2498
3 2499 2705 5809
1 2371
1 2501
3 2502 3849 3854
1 48
1 2504
4 2505 3644 4528 4537
1 530
1 2507
1 36
1 2509
1 530
1 2511
1 2512
1 36
1 2514
3 530 2768 2774
1 2516
1 2174
2 2518 2545
2 2519 3218
2 501 3477
1 2521
1 2522
1 1242
1 2524
1 2144
1 2526
4 2527 2631 2636 2641
2 1239 2856
1 2529
3 2530 3391 3549
1 2144
1 2532
1 1239
1 2534
1 2535
1 2144
1 2537
1 2538
2 2116 3559
1 2540
1 2543
1 2542
1 362
1 2544
1 1660
1 2546
4 2547 5348 5359 5364
1 1450
1 2549
1 2550
1 1139
1 2552
4 2553 2652 3498 3503
1 990
1 2555
1 2556
1 200
1 2558
1 990
1 2560
5 2561 3088 3093 7643 7647
2 200 3829
1 2563
3 2564 3892 3897
1 990
2 2566 6214
2 200 3055
1 2568
1 2082
1 2570
3 1501 2710 3145
2 2572 2880
1 1764
1 2574
1 2575
1 1501
1 2577
2 2578 3293
1 1764
1 2580
1 2581
1 1501
3 2583 9352 9357
1 1308
2 2585 5781
1 2586
2 2591 3300
2 2588 6121
2 2589 7995
1 2590
1 1694
3 2592 9782 9786
1 2487
2 2594 3959
1 2595
1 1573
1 2597
1 2598
1 2487
3 2600 8923 8928
1 2601
1 1573
2 2603 4511
1 2604
1 2107
1 2606
1 2169
1 2608
1 2609
5 2200 3111 3116 3120 3377
1 2611
1 2058
1 2613
1 2614
1 1557
1 2616
2 2431 2699
1 2618
1 1576
3 2620 4666 4672
2 2621 7154
1 2431
1 2623
1 1576
1 2625
1 2528
1 2627
1 2628
1 1103
1 2630
2 2528 7523
1 2632
2 1103 4899
1 2634
1 2635
1 2528
1 2637
1 1103
1 2639
1 2640
1 2645
1 2642
2 2643 5974
1 2644
1 485
1 2646
1 267
1 2648
3 1716 6901 6906
1 2650
1 2651
1 1388
1 2653
1 2654
2 1573 3176
1 2656
1 196
2 2658 6072
1 2659
2 1573 4184
3 2661 3684 6261
1 196
1 2663
1 1573
1 2665
1 126
1 2667
1 4
2 2669 7171
1 2670
2 1133 5501
1 2672
2 2673 3796
1 2676
1 2675
2 1198 6367
1 2677
1 2678
2 1483 4439
1 2680
1 2685
1 2682
1 2683
1 2684
1 1486
1 2686
1 1357
1 2688
1 2691
2 2690 9470
5 1375 5178 8664 8669 8675
2 2692 3628
2 2693 3140
1 2618
4 2695 8992 8997 9001
1 2696
4 896 5626 5631 5636
1 2698
1 2618
1 2700
1 2701
1 2525
1 2703
4 2704 6649 6653 6657
2 1816 2975
2 2706 3268
4 2707 5844 5850 5854
3 1304 7216 7220
1 2709
1 2572
1 2711
3 2712 7997 8001
2 1304 9437
1 2714
3 2572 6946 6951
1 2716
1 968
1 2718
1 2719
1 1772
2 2721 3383
1 2722
1 968
1 2724
1 1772
1 2726
2 968 3400
2 2728 3584
3 1772 3670 6333
1 2730
1 2731
1 2735
1 2733
2 2734 4892
1 1168
2 2736 4565
4 2737 6604 6609 6614
2 2743 5563
2 2739 2904
1 2740
1 2741
2 2742 6908
1 1024
1 2744
1 1738
1 2746
4 2747 5063 6475 6481
4 1105 9100 9105 9109
1 2749
1 143
1 2751
1 1047
1 2753
1 2754
2 1058 4310
1 2756
1 1875
2 2758 5493
1 2759
1 1693
1 2761
1 1857
2 2763 2781
1 1861
1 2765
1 1281
1 2767
1 2516
1 2769
1 2770
1 1281
1 2772
3 2773 3355 7818
1 2777
4 2775 8681 8686 8690
1 2776
1 2764
1 2778
1 1702
1 2780
1 1172
1 2782
1 2783
2 1365 5664
1 2785
1 1654
1 2787
3 1929 4778 4784
3 2789 4663 4669
1 2790
1 2583
1 2792
2 2793 3972
1 1485
2 2795 9731
1 842
3 2797 9885 9891
1 115
1 2799
1 842
1 2801
1 2802
1 115
1 2804
1 842
1 2806
4 2304 8526 8531 8537
1 2808
1 1188
4 2810 4959 4964 7476
3 2304 8974 8979
1 2812
1 2813
1 385
1 2815
1 2816
1 2820
1 2818
1 2819
1 2200
1 2821
1 2822
2 957 6870
2 2824 6530
2 1497 8387
1 2826
1 2827
3 1531 8024 8029
2 2829 3249
1 2830
1 1497
1 2832
2 1628 5273
1 2834
1 1166
2 2836 3410
1 438
3 2838 3271 7020
1 655
1 2840
1 1851
1 2842
1 655
1 2844
1 2848
1 2846
1 2847
1 87
1 2849
2 2850 6964
1 2529
1 2852
1 2853
1 2441
1 2855
1 1139
1 2857
1 136
1 2859
1 2439
1 2861
1 2268
1 2863
1 2864
1 299
2 2866 4122
1 2867
1 682
1 2869
1 2870
2 299 3562
1 2872
1 390
2 2874 8762
1 2573
1 2876
1 2877
1 390
2 2879 8092
4 2573 3413 3418 3423
2 2881 8166
2 1014 7054
2 2883 5230
1 2884
1 1250
1 2886
2 1014 3907
1 2888
1 1250
2 2890 9952
1 2891
3 1014 6856 6862
1 2893
1 1250
1 2895
1 2901
1 2897
2 2898 7218
1 2899
1 2900
1 2439
1 2902
1 2903
1 2285
1 2905
1 1799
5 2907 5192 5197 5202 6355
1 2908
3 213 4387 4392
1 2910
1 2911
3 1355 6626 6978
1 2913
1 2914
1 890
1 2916
3 1160 3616 8961
1 2918
1 890
1 2920
1 1160
1 2922
1 2923
1 1322
2 2925 5163
1 2926
1 2011
1 2928
1 2929
1 2219
1 2931
1 2937
1 2933
1 2934
1 2935
2 2936 2966
2 734 4887
1 2938
1 614
1 2940
1 2941
1 734
1 2943
1 614
1 2945
3 2946 4024 4030
2 734 6767
1 2948
1 614
1 2950
1 734
1 2952
1 614
1 2954
2 2955 3431
2 734 3613
1 2957
1 2958
2 614 7992
1 2960
1 734
2 2962 4935
1 529
2 2964 4957
3 2965 5720 5725
1 1789
1 2967
1 290
1 2969
1 2135
1 2971
2 2972 7444
3 630 3204 3210
2 2974 3578
1 2706
1 2976
1 2977
1 2983
2 2979 3038
1 2980
4 2981 3924 3929 3933
1 2982
1 27
2 2984 7839
1 2985
2 880 4797
1 2987
3 2988 8075 8079
1 2466
1 2990
1 2991
2 880 4632
4 2993 5351 5357 5361
1 295
1 2995
1 1126
3 2997 4201 6899
1 2998
1 969
3 3000 4622 4627
1 1126
2 3002 5669
4 1165 4509 4514 5085
1 3004
1 1157
1 3006
1 3009
2 3008 8111
4 432 5147 5152 7539
1 3010
1 1417
1 3012
1 3013
1 432
3 3015 3212 3426
1 1417
1 3017
1 1520
1 3019
1 3020
1 183
1 3022
1 1632
1 3024
2 2033 3169
1 3026
2 3027 6599
3 3032 4519 9710
1 3029
1 3030
1 3031
5 1318 3064 3068 9084 9089
1 3033
1 2139
2 3035 5944
2 515 7942
1 3037
1 2980
1 3039
3 63 4213 4218
1 3041
1 3003
2 3043 9515
1 3044
2 86 3479
1 3046
5 3047 4917 4922 4927 4933
1 3051
1 3049
1 3050
2 2568 4114
1 3052
1 1762
1 3054
1 2992
1 3056
4 2899 3415 3420 3541
1 3058
2 3033 6982
1 3060
1 3061
1 1545
1 3063
1 3033
2 3065 9409
2 1545 6709
1 3067
1 3020
1 3069
1 1240
1 3071
1 2088
1 3073
1 1240
1 3075
1 1179
1 3077
1 1295
2 3079 4204
1 3080
2 2592 5650
1 3082
1 3086
1 3084
1 3085
1 150
1 3087
2 2562 9212
1 3089
1 150
1 3091
2 3092 9527
2 1509 5888
1 3094
1 3095
1 2120
1 3097
1 3098
1 1509
1 3100
4 3101 4578 5257 8192
1 2120
2 3103 3109
1 3104
1 3104
1 3106
1 2426
1 3108
1 2284
1 3110
1 2611
1 3112
1 3113
1 2284
1 3115
1 2611
3 3117 3873 4889
2 2284 7182
1 3119
1 3125
1 3121
1 3122
1 3123
1 3124
1 1071
1 3126
1 3127
1 896
2 3129 3675
1 1071
2 3131 3307
1 896
3 3133 4053 5419
1 3134
3 1071 9791 9796
1 3136
1 3137
1 1178
2 3139 5674
2 2694 5688
1 3141
1 1535
2 3143 7282
1 3144
1 1309
1 3146
1 24
2 3148 6969
2 515 5509
1 3150
1 3151
2 223 6291
1 3153
1 428
1 3155
2 2434 6394
1 3157
1 428
1 3159
1 3160
1 3088
2 3162 4016
1 3163
1 3167
2 3165 7388
3 3166 4776 4781
1 2316
1 3168
1 3026
1 3170
1 2656
1 3172
6 3173 3180 3185 8683 8688 8692
1 956
1 3175
1 3174
1 3177
1 1991
1 3179
1 3174
2 3181 7261
2 1991 3815
1 3183
1 3184
1 3174
2 3186 4997
1 617
1 3188
1 3189
1 1160
1 3191
2 617 9905
1 3193
1 3194
1 1795
1 3196
1 3197
1 2270
1 3199
1 1795
2 3201 4229
1 2278
1 3203
1 2974
1 3205
1 3206
1 2278
1 3208
1 3209
1 726
1 3211
1 3216
1 3213
1 3214
1 3215
4 1313 9227 9232 9236
1 3217
1 167
1 3219
2 1501 5209
1 3221
1 3222
1 167
1 3224
1 3225
1 1501
1 3227
2 167 6173
1 3229
1 1501
1 3231
2 3232 3368
2 167 6830
2 3234 3588
1 272
1 3236
1 1866
1 3238
1 2934
1 3240
1 804
1 3242
3 1215 5378 5382
1 3244
1 3245
1 764
1 3247
1 3248
1 3254
1 3250
3 3251 3428 4268
1 3252
1 3253
1 24
2 3255 4521
1 3256
1 1830
1 3258
1 2702
1 3260
1 3266
2 3262 6217
4 3263 3276 5948 5952
1 3264
2 3265 7999
1 2839
1 3267
1 2707
1 3269
1 3270
2 3264 3581
1 3272
1 2434
1 3274
1 3275
4 1064 3483 5560 9747
1 3277
2 3278 7766
1 685
1 3280
1 3281
1 1064
2 3283 7960
1 3284
2 685 7051
2 3286 3975
1 3287
1 184
3 3289 7686 7690
1 3117
4 3291 8565 8571 8576
1 3292
1 3298
2 3294 4109
1 3295
2 3296 3780
3 3297 4551 4557
2 1873 7190
5 3299 5512 5518 5529 5534
1 2588
1 3301
1 3132
1 3303
1 1670
1 3305
2 3306 9607
1 3132
1 3308
1 2159
1 3310
3 3311 3496 3679
1 1253
1 3313
1 3314
1 1132
1 3316
1 2963
1 3318
1 3319
1 1132
3 3321 7017 7022
1 3322
1 3328
3 3324 7127 7132
1 3325
1 3326
2 3327 3769
1 1951
2 3329 6547
1 1811
1 3331
1 3332
2 1951 7562
2 3334 3868
1 3335
1 1811
1 3337
1 3338
1 1951
1 3340
2 1811 5463
1 3342
1 3343
1 1740
1 3345
1 3346
1 1448
2 3348 4816
2 1740 6124
1 3350
1 3351
1 669
1 3353
1 3354
1 3360
1 3356
1 3357
1 3358
2 3359 8730
1 13
3 3361 4830 4834
1 1864
1 3363
1 3364
1 2218
1 3366
1 3367
1 3233
1 3369
1 2218
1 3371
2 2611 7159
1 3373
1 3374
1 1387
2 3376 8882
2 2722 3755
2 3378 4807
1 3379
2 562 8032
1 3381
1 3382
1 2514
1 3384
2 3385 8432
1 2531
1 3387
1 3388
1 1984
1 3390
1 2531
2 3392 4408
1 3395
1 3394
1 213
2 3396 5644
1 2743
2 3398 3554
1 3399
2 3133 4598
1 3401
2 3407 7988
1 3403
2 3404 7212
1 3405
1 3406
1 2990
1 3408
2 3409 5081
3 3058 3646 3652
4 3411 6112 7889 7894
1 3412
1 2881
1 3414
4 3058 8042 8047 9482
1 3416
2 3417 6184
3 2881 4694 4698
1 3419
4 3058 4464 5303 5308
1 3421
1 3422
1 1771
1 3424
1 3425
1 1387
1 3427
1 2782
1 3429
2 3430 7110
1 529
3 3432 5011 5150
1 3433
1 247
1 3435
1 1840
1 3437
1 3438
1 3442
1 3440
1 3441
1 88
3 3443 5864 7567
1 614
1 3445
1 3446
1 88
1 3448
1 3449
1 1288
3 3451 6911 6917
2 3452 4690
2 471 4992
1 3454
2 3455 4294
1 2179
1 3457
1 3458
1 2219
3 3460 7124 7130
2 3461 5806
1 1115
1 3463
2 3464 4036
1 1390
2 3466 7521
1 797
1 3468
1 1399
2 3470 3919
1 3471
1 2994
1 3473
1 3474
1 3046
1 3476
1 2521
2 3478 6859
3 3277 4055 4060
1 3480
1 915
1 3482
1 3488
1 3484
1 3485
2 3486 3511
1 3487
1 466
1 3489
1 3490
1 3312
1 3492
3 3493 7962 7967
2 466 9272
1 3495
1 1245
1 3497
1 2554
1 3499
1 3500
1 1245
1 3502
1 2554
4 3504 4647 5181 5187
1 3487
1 3506
1 3507
4 255 6496 6502 6506
1 3509
1 3510
1 3081
1 3512
1 3513
1 2450
1 3515
1 3516
1 1261
2 3518 6030
2 2450 4164
1 3520
4 3521 5421 5425 8958
1 1261
1 3523
1 3524
1 3530
1 3526
1 3527
1 3528
1 3529
1 626
1 3531
1 3532
1 2118
2 3534 6729
1 626
2 3536 6814
1 3537
1 832
1 3539
1 3540
2 3058 6961
1 3542
2 3543 8267
1 2531
1 3545
3 900 7874 7884
2 3547 9911
1 3548
1 3399
2 3550 7266
1 3551
1 934
1 3553
1 2540
1 3555
1 1321
1 3557
3 3558 4002 5686
2 3019 8984
1 3560
2 3561 6067
1 3566
1 3563
1 3564
3 3565 7532 7536
2 96 7577
1 3567
2 411 6413
1 3569
1 96
1 3571
1 411
5 3573 4479 4483 4489 5268
1 3574
1 3272
1 3576
1 3577
1 2975
1 3579
1 3580
1 2490
1 3582
1 3583
1 2729
2 3585 4837
1 2224
1 3587
1 3235
2 3589 4226
1 3590
2 1588 8219
4 3592 6441 6447 6452
1 2173
1 3594
3 329 5717 5723
1 3596
1 3601
1 3598
1 3599
3 3600 6028 9044
1 2571
1 3602
1 3603
1 3607
2 3605 9464
2 3606 9462
2 2957 5290
1 3608
3 3609 6078 6084
1 1842
2 3611 9518
1 3612
4 939 5400 5404 6973
3 3614 5875 8497
1 3615
1 1376
1 3617
1 3618
1 1409
1 3620
2 2339 9312
1 3622
1 3623
1 3626
1 3625
1 951
2 3627 6220
1 3632
1 3629
1 3630
1 3631
1 3226
1 3633
1 3634
1 2123
1 3636
2 1770 9866
1 3638
1 3639
1 2123
1 3641
1 2332
1 3643
1 2188
1 3645
1 3411
1 3647
1 3648
1 2188
1 3650
1 3651
1 3411
1 3653
1 3654
1 3660
1 3656
1 3657
2 3658 7085
1 3659
1 828
1 3661
1 3662
1 606
1 3664
1 3665
1 2730
1 3667
1 2340
1 3669
2 3130 8659
1 3671
1 3672
1 1939
2 3674 7872
1 2454
1 3676
1 3024
1 3678
1 2662
1 3680
1 1650
1 3682
1 3683
1 3687
1 3685
1 3686
1 937
2 3688 6696
2 575 5386
5 3690 5515 5521 5526 5531
3 3691 8774 8780
1 937
3 3693 3890 8727
1 3694
2 575 5376
1 3696
1 937
1 3698
1 575
1 3700
1 2856
1 3702
1 3708
1 3704
4 3705 4361 5444 6701
1 3706
1 3707
1 3591
1 3709
1 3454
1 3711
1 3712
1 3717
2 3714 5004
1 3715
1 3716
2 2078 7902
1 3718
1 3719
1 1351
1 3721
1 3722
1 2006
1 3724
1 3725
1 1351
1 3727
1 3728
3 2006 4494 5334
3 3730 6583 6588
3 594 6935 6941
1 3732
1 947
1 3734
1 3740
1 3736
1 3737
1 3738
1 3739
2 2929 4033
1 3741
1 3742
1 1232
1 3744
1 3745
1 733
1 3747
1 3748
1 242
1 3750
1 1485
1 3752
1 665
3 3754 4636 6362
1 3478
1 3756
1 1858
1 3758
1 3478
1 3760
1 3622
1 3762
5 1718 4286 6387 6391 6397
1 3764
1 46
1 3766
1 3151
1 3768
1 3774
1 3770
1 3771
1 3772
1 3773
1 3297
1 3775
2 3776 6294
1 1343
1 3778
1 3779
1 3785
1 3781
1 3782
2 3783 3835
1 3784
1 2342
1 3786
3 3787 4236 4240
1 751
1 3789
1 952
1 3791
1 3792
1 217
1 3794
2 3795 7254
1 111
1 3797
1 3798
1 967
2 3800 8470
1 136
2 3802 9593
3 3803 4176 4180
1 967
1 3805
2 3806 9316
1 3810
1 3808
1 3809
1 3183
1 3811
2 530 4470
1 3813
1 3814
1 3183
1 3816
1 530
1 3818
1 3183
1 3820
1 345
1 3822
1 2315
1 3824
2 1454 9374
1 3826
2 365 8180
1 3828
1 3784
1 3830
1 3831
1 2452
1 3833
1 3834
3 1651 4367 4372
1 3836
4 3837 9651 9656 9661
2 2395 7165
1 3839
2 3840 5732
1 3846
1 3842
1 3843
1 3844
1 3845
1 1964
3 3847 9637 9642
1 3848
1 2503
1 3850
1 1964
2 3852 4634
1 3853
1 997
1 3855
1 17
1 3857
2 3858 4948
1 997
1 3860
2 3861 8270
1 3335
1 3863
1 3864
1 1563
1 3866
1 3867
1 3335
1 3869
1 574
3 3871 6198 6203
1 3872
2 818 3894
1 3874
2 1984 7418
2 3876 4208
1 3877
2 2255 5737
1 3879
1 567
2 3881 4401
1 2027
2 3883 7681
1 3887
1 3885
1 3886
1 3275
1 3888
1 3889
1 3874
1 3891
1 2565
1 3893
1 3874
1 3895
1 3896
1 3902
2 3898 8077
1 3899
1 3900
2 3901 4976
1 2888
1 3903
1 3904
1 1408
1 3906
1 3535
5 3908 4305 8011 8404 8409
1 1797
1 3910
2 1854 4450
1 3912
1 3913
1 3471
1 3915
1 766
3 3917 9360 9366
1 3918
1 3471
1 3920
1 1825
1 3922
1 3923
1 2982
1 3925
1 3926
1 1825
1 3928
1 2982
2 3930 5784
1 1825
1 3932
1 2982
1 3934
1 3935
2 684 9567
1 3937
1 1989
1 3939
1 3940
1 1309
2 3942 8238
1 3943
2 1989 5215
1 3945
1 3951
1 3947
1 3948
1 3949
1 3950
1 1142
1 3952
1 2595
1 3954
2 3955 5867
1 901
1 3957
1 3958
2 634 4543
3 3960 4039 4044
1 3961
1 3966
1 3963
1 3964
1 3965
1 2794
1 3967
1 3968
1 3287
1 3970
1 3971
2 2794 8259
1 3973
1 3974
1 2422
1 3976
1 3977
1 1914
2 3979 5206
1 3980
1 727
1 3982
1 1914
1 3984
1 3985
1 727
1 3987
3 1914 6995 7000
1 3989
1 727
1 3991
1 1914
1 3993
1 3994
1 727
1 3996
1 2564
1 3998
2 923 9729
1 4000
1 4001
2 1984 4710
1 4003
1 4004
2 2279 4712
2 4006 7093
1 4007
1 4013
1 4009
1 4010
1 4011
1 4012
1 1054
1 4014
1 4015
1 3163
2 4017 4238
1 4018
1 788
2 4020 4468
1 2341
1 4022
1 4023
1 2947
3 4025 4067 4881
2 4026 8934
1 2341
1 4028
1 4029
1 3465
1 4031
1 4032
1 3741
1 4034
1 4035
1 368
1 4037
1 4038
1 3961
1 4040
1 4041
1 368
1 4043
1 3961
1 4045
2 3199 9505
1 4047
1 4050
1 4049
1 1785
1 4051
1 4052
1 1559
1 4054
1 3480
2 4056 6563
1 1559
1 4058
1 4059
2 2388 9810
1 4061
2 4062 6774
1 4026
1 4064
1 1657
2 4066 4765
1 4026
1 4068
1 3365
1 4070
1 1195
1 4072
1 4073
1 1475
1 4075
1 1195
2 4077 5836
1 4078
1 4084
1 4080
2 4081 8938
1 4082
1 4083
1 4
1 4085
2 4086 8740
1 2035
1 4088
1 4089
1 1732
1 4091
1 4092
2 2035 7440
2 4094 5437
1 4095
3 2118 4276 4280
1 4097
6 4098 9049 9053 9058 9063 9068
1 221
1 4100
2 4101 4839
1 2
1 4103
1 4104
1 3295
1 4106
1 355
1 4108
3 3052 5967 5972
1 4110
3 2233 4167 6098
1 4112
1 4113
1 3052
1 4115
1 1829
1 4117
1 4118
1 112
1 4120
1 4121
1 2867
1 4123
1 4127
1 4125
1 4126
2 1077 8853
1 4128
1 4129
1 9
1 4131
1 1077
2 4133 4447
1 4134
1 9
1 4136
1 1077
1 4138
1 9
1 4140
1 1077
1 4142
1 4148
1 4144
1 4145
1 4146
1 4147
1 607
1 4149
1 4150
2 1470 7845
1 4152
1 4153
3 4159 4501 4506
1 4155
1 4156
2 4157 6733
1 4158
1 2054
1 4160
1 4161
1 4112
1 4163
1 3520
1 4165
2 4166 5283
1 4171
2 4168 4652
1 4169
1 4170
1 3804
1 4172
1 1376
1 4174
1 4175
1 3804
3 4177 5031 5035
1 1376
1 4179
1 3804
1 4181
1 2392
3 4183 6335 6340
1 2661
1 4185
1 4186
1 1406
1 4188
4 4189 5767 5772 5778
3 1206 8597 8601
2 4191 4394
1 4192
1 4198
1 4194
1 4195
3 4196 4962 4966
1 4197
1 3080
1 4199
2 4200 4516
1 2998
1 4202
1 4203
1 2529
1 4205
1 1139
1 4207
1 3041
1 4209
2 856 8892
1 4211
1 4212
1 3041
1 4214
1 856
1 4216
2 4217 7192
1 3041
1 4219
1 4220
2 856 6269
1 4222
1 4223
1 3202
1 4225
4 3590 9695 9701 9706
4 4227 9851 9856 9861
1 4228
1 4233
1 4230
1 4231
1 4232
1 4018
1 4234
1 4235
1 3788
1 4237
1 4018
1 4239
1 659
1 4241
1 706
1 4243
1 1720
2 4245 8285
1 2802
1 4247
1 962
3 4249 4856 6002
1 4250
1 4255
1 4252
1 4253
1 4254
1 281
1 4256
2 1293 4726
1 4258
1 2018
1 4260
1 1293
1 4262
1 3252
1 4264
1 4265
1 903
1 4267
1 604
1 4269
1 4270
1 4097
1 4272
2 2063 9444
1 4274
1 4275
1 4097
1 4277
1 2063
1 4279
1 4097
1 4281
1 4282
1 3310
1 4284
1 4285
1 3880
1 4287
2 4288 6233
2 3456 4800
1 4290
1 4291
1 5
1 4293
2 3456 5604
1 4295
2 4296 6771
3 4299 7005 7010
2 4298 7900
5 3909 5924 5930 8397 9401
1 4300
1 4301
2 1591 5367
1 4303
2 4304 7081
1 2756
1 4306
1 174
1 4308
1 4309
1 1039
1 4311
2 916 5552
1 4313
1 4314
1 1355
1 4316
1 253
1 4318
1 1606
1 4320
2 4321 5987
1 253
1 4323
1 2372
1 4325
1 4326
1 2846
2 4328 4973
5 4329 5189 5194 5200 5204
1 4335
1 4331
1 4332
1 4333
1 4334
6 322 5089 5094 5314 5320 9142
1 4336
1 4337
1 80
1 4339
2 4340 5255
1 322
1 4342
1 4343
3 390 5932 5936
1 4345
1 2083
1 4347
1 390
2 4349 8560
1 2083
4 4351 7112 7117 7122
1 390
1 4353
1 4354
1 2083
1 4356
1 4357
1 955
1 4359
1 4360
1 803
1 4362
2 3836 8243
1 4364
1 587
1 4366
1 3836
1 4368
1 4369
1 587
1 4371
1 2421
1 4373
1 4374
1 2164
1 4376
1 4377
1 2421
1 4379
1 2164
1 4381
1 2910
1 4383
1 4384
4 1058 5037 5042 5048
1 4386
1 2910
1 4388
1 4389
1 1058
1 4391
1 2210
4 4393 9029 9034 9038
1 4396
1 4395
1 3271
1 4397
1 4092
2 4399 7517
1 4400
1 3341
3 4402 7978 8909
1 4403
1 3393
1 4405
2 653 5092
2 4407 8089
1 3393
1 4409
2 1218 8757
1 4411
1 95
1 4413
1 4414
1 4420
1 4416
1 4417
1 4418
1 4419
1 4035
2 4421 7141
1 4422
1 485
3 4424 7003 7007
1 4425
1 2070
1 4427
1 276
1 4429
1 4430
5 728 8202 8207 8349 8355
1 4432
1 3259
1 4434
1 4435
3 3262 7876 7881
1 4437
3 4438 9614 9618
1 776
1 4440
2 4445 9682
1 4442
1 4443
1 4444
2 3912 7185
1 4446
1 4134
1 4448
1 4449
1 4263
1 4451
1 4456
1 4453
1 4454
1 4455
1 665
1 4457
1 4458
1 3421
1 4460
2 4461 8087
1 1688
1 4463
1 3421
1 4465
3 3813 8764 8769
1 4467
1 4021
1 4469
1 4472
1 4471
1 1733
1 4473
1 3574
1 4475
1 2439
1 4477
1 4478
1 3574
1 4480
1 2439
1 4482
1 3574
1 4484
1 4485
1 2439
1 4487
1 4488
1 3574
1 4490
4 4491 8563 8568 8573
1 400
1 4493
1 3730
1 4495
1 4499
1 4497
1 4498
1 2374
1 4500
1 4155
1 4502
1 4503
1 2374
1 4505
1 2604
1 4507
1 4508
1 3004
1 4510
1 2604
1 4512
1 4513
1 3029
1 4515
1 4201
1 4517
1 4518
1 3247
1 4520
2 316 6156
1 4522
1 2506
1 4524
1 4525
1 1174
1 4527
2 2506 9766
1 4529
1 4530
3 1174 5698 5703
1 4532
1 2506
1 4534
1 1174
1 4536
2 3960 7025
1 4538
1 4539
1 1411
3 4541 6575 6580
1 4542
1 3960
1 4544
1 4549
1 4546
2 4547 8907
1 4548
1 2453
1 4550
1 3298
1 4552
1 4553
1 2453
2 4555 6025
1 4556
1 3298
1 4558
1 2453
2 4560 6783
2 4561 8282
1 3360
2 4563 9975
1 4564
1 4570
1 4566
1 4567
1 4568
1 4569
3 3988 8241 8246
2 4571 7965
1 4572
1 3102
1 4574
2 2760 5066
1 4576
1 4577
1 634
1 4579
1 4580
2 782 5326
1 4582
1 4583
4 3549 7031 7035 7040
1 4585
1 783
1 4587
1 4588
1 1027
1 4590
1 4591
1 3401
1 4593
1 4594
2 1091 6801
1 4596
1 4597
1 2003
1 4599
2 4600 6164
2 4605 6642
1 4602
1 4603
1 4604
1 564
1 4606
1 4607
1 532
1 4609
1 4610
1 564
1 4612
1 4613
1 532
5 4615 7655 7660 7670 8227
1 564
1 4617
1 4618
1 2115
1 4620
1 4621
1 3001
1 4623
2 2115 5883
1 4625
2 4626 7927
1 3001
1 4628
1 4629
2 2972 7940
1 4631
1 2506
1 4633
1 3662
1 4635
1 730
2 4637 9994
4 4638 9229 9234 9238
1 1567
1 4640
1 3505
1 4642
1 4643
1 1304
1 4645
1 4646
1 4169
1 4648
1 2100
1 4650
3 4651 4692 4696
4 4169 9243 9248 9252
1 4653
1 4654
1 4660
1 4656
1 4657
1 4658
1 4659
1 2621
1 4661
2 4662 5598
1 2790
2 4664 7810
1 4665
1 2621
2 4667 9563
1 4668
1 2790
1 4670
1 4671
1 4136
1 4673
1 2313
2 4675 5328
3 4136 4902 4907
1 4677
1 4678
1 904
1 4680
2 4681 4827
1 2231
1 4683
1 904
4 4685 5390 5395 5538
1 4686
1 4237
1 4688
1 4689
1 3419
2 4691 7750
1 4652
1 4693
1 3419
1 4695
1 4652
1 4697
1 693
1 4699
1 4700
2 2433 6096
3 4702 8667 8672
1 4703
1 693
1 4705
1 2433
1 4707
1 2546
1 4709
2 2681 6765
1 4711
1 4715
1 4713
2 4714 8447
1 1992
1 4716
1 1500
1 4718
3 4719 4820 4825
2 2518 7740
1 4721
1 614
1 4723
1 1553
1 4725
1 1183
1 4727
1 1748
1 4729
1 125
2 4731 9260
1 4732
1 722
1 4734
1 3417
2 4736 5016
1 722
1 4738
1 4739
1 3417
1 4741
1 722
1 4743
1 4744
1 4747
2 4746 8149
1 1252
1 4748
1 4749
1 1126
2 4751 8424
2 4752 5811
1 1252
1 4754
1 4757
1 4756
1 2064
1 4758
1 4759
1 1473
1 4761
1 3378
1 4763
1 4764
1 4769
2 4766 5071
1 4767
1 4768
1 4084
1 4770
1 4771
1 2697
1 4773
3 2789 9621 9627
1 4775
1 3167
2 4777 5053
1 2789
1 4779
1 4780
1 3167
1 4782
1 4783
1 503
1 4785
2 2411 5831
2 4787 6470
1 4788
2 503 5220
2 4790 5002
1 4791
1 2987
2 4793 5950
1 4794
2 1929 6809
1 4796
1 2079
1 4798
1 4799
1 4290
1 4801
1 3314
1 4803
2 4804 6533
2 238 6040
1 4806
1 3379
1 4808
1 4813
1 4810
1 4811
2 4812 6568
1 688
2 4814 6017
1 4815
1 3349
1 4817
1 1813
1 4819
1 4720
1 4821
1 4822
1 1813
3 4824 9245 9250
1 281
1 4826
1 3586
1 4828
1 4829
1 3362
2 4831 9579
1 3586
1 4833
1 3362
1 4835
1 4836
1 1842
2 4838 6043
1 4102
1 4840
1 4841
3 4847 5498 5503
1 4843
1 4844
1 4845
1 4846
2 2511 5829
1 4848
1 268
1 4850
1 4854
1 4852
1 4853
1 2494
2 4855 8297
1 4250
1 4857
1 2886
2 4859 8049
1 4860
1 3976
1 4862
1 4863
1 399
1 4865
1 1933
2 4867 9158
1 4871
1 4869
1 4870
1 1856
2 4872 7534
1 4877
1 4874
2 4875 6540
1 4876
2 4026 7591
1 4878
1 1573
1 4880
1 4026
1 4882
1 4883
1 2771
1 4885
2 4886 6624
1 2735
1 4888
1 3118
1 4890
2 4891 5369
1 4895
1 4893
1 4894
1 2655
1 4896
1 4796
1 4898
1 1362
1 4900
1 4901
1 4677
1 4903
1 1362
1 4905
1 4906
1 3199
1 4908
1 4913
1 4910
1 4911
1 4912
1 2810
1 4914
1 342
1 4916
2 3048 6176
2 4918 8782
1 4919
1 342
1 4921
1 3048
2 4923 9949
1 4924
1 342
1 4926
1 3048
1 4928
1 4929
1 342
1 4931
1 4932
1 3292
1 4934
2 631 5555
1 4936
2 4937 5227
1 4943
1 4939
1 4940
1 4941
1 4942
1 3732
1 4944
1 242
1 4946
1 4947
1 3859
3 4949 5109 6013
1 4950
1 242
1 4952
1 4953
1 409
1 4955
1 4956
1 4197
1 4958
1 2811
1 4960
1 4961
1 4197
1 4963
1 2811
1 4965
1 4971
1 4967
1 4968
1 4969
1 4970
3 3902 8875 9095
1 4972
1 4329
1 4974
1 4975
1 832
1 4977
2 4978 7800
1 882
1 4980
1 4981
1 289
1 4983
2 4984 8936
2 882 6296
2 4986 7820
2 4987 6015
3 3454 5609 5613
1 4989
1 1588
1 4991
1 4890
2 4993 6621
1 4994
1 3588
1 4996
1 1576
1 4998
1 3715
1 5000
1 5001
1 4791
1 5003
1 5006
1 5005
1 2513
1 5007
1 5008
1 1027
1 5010
1 4737
1 5012
1 5013
2 33 9898
1 5015
1 4737
1 5017
1 1211
1 5019
1 1638
2 5021 6550
1 5022
1 1211
1 5024
1 5025
1 1638
1 5027
1 5028
1 4494
1 5030
1 4178
2 5032 5833
1 4494
1 5034
1 628
1 5036
1 4386
1 5038
1 628
1 5040
1 5041
1 4386
1 5043
1 5044
1 628
1 5046
1 5047
1 4778
2 5049 6668
1 1633
1 5051
1 5052
1 5057
2 5054 6681
1 5055
1 5056
1 2748
1 5058
1 5059
1 192
1 5061
1 5062
1 5001
1 5064
1 5065
1 4767
1 5067
1 5068
1 582
1 5070
1 4767
1 5072
1 5073
1 5076
1 5075
1 5008
1 5077
1 2110
1 5079
1 5080
1 3410
1 5082
1 3093
1 5084
1 4336
1 5086
1 4407
1 5088
2 4336 9047
1 5090
2 5091 9727
1 4407
1 5093
1 615
1 5095
1 5096
1 1717
1 5098
1 5099
1 2753
2 5101 9182
1 5106
1 5103
1 5104
1 5105
1 1902
1 5107
2 5108 8444
1 4950
1 5110
1 5111
1 218
1 5113
1 5114
3 833 6980 7975
1 5116
1 5117
1 860
1 5119
1 5120
1 4065
1 5122
1 5123
1 93
1 5125
2 612 6665
1 5127
1 5128
1 1890
2 5130 7071
1 2444
1 5132
1 297
1 5134
1 2444
1 5136
1 297
1 5138
1 923
1 5140
1 629
1 5142
1 923
1 5144
1 3433
1 5146
1 3010
1 5148
1 5149
1 3433
1 5151
1 5157
1 5153
1 5154
1 5155
1 5156
1 5041
1 5158
1 5159
1 3341
1 5161
1 5162
2 513 9717
1 5164
1 5165
1 1590
1 5167
1 5168
1 513
1 5170
2 1590 6242
1 5172
1 5173
1 5176
1 5175
1 4129
1 5177
1 2483
2 5179 6739
1 5180
1 3505
1 5182
1 5183
1 2483
3 5185 5336 5341
1 5186
2 2908 6726
1 5188
2 4330 5893
1 5190
1 5191
1 2908
1 5193
1 4330
1 5195
1 5196
1 2908
1 5198
1 5199
1 4330
1 5201
1 2908
3 5203 5672 5676
1 3221
1 5205
1 3980
2 5207 8176
1 5208
2 5212 7932
1 5210
1 5211
1 21
1 5213
1 5214
1 3945
1 5216
1 5217
1 4257
1 5219
1 5225
1 5221
3 5222 5710 5715
1 5223
1 5224
1 4051
1 5226
4 859 5582 7617 7623
1 5228
1 5229
1 2884
1 5231
1 5232
1 2250
1 5234
1 2343
3 5236 6119 6670
1 5237
2 1781 9805
1 5239
1 5010
1 5241
1 2591
1 5243
1 2313
1 5245
1 5246
1 5251
1 5248
1 5249
1 5250
1 4341
1 5252
1 2839
1 5254
1 854
1 5256
3 1964 7503 7509
1 5258
1 5259
1 2054
1 5261
1 5262
1 3260
1 5264
1 506
1 5266
1 5267
1 4815
1 5269
1 5270
1 2227
1 5272
1 5276
1 5274
1 5275
1 912
2 5277 8678
1 4167
1 5279
1 5280
1 912
1 5282
2 4167 6537
1 5284
1 4299
1 5286
1 1282
1 5288
1 5289
2 5294 9733
1 5291
2 5292 6944
1 5293
1 1508
2 5295 7442
1 5296
2 2306 6744
1 5298
1 5299
3 1169 8750 8755
1 5301
1 5302
2 3421 9896
1 5304
1 5305
1 1169
1 5307
1 3421
1 5309
1 4336
1 5311
2 1635 7483
1 5313
1 4336
2 5315 5653
2 5316 7066
1 1635
1 5318
1 5319
1 1521
1 5321
3 5322 6821 6826
1 3286
1 5324
1 5325
1 1441
1 5327
2 3730 7168
1 5329
1 5330
1 472
1 5332
1 5333
1 1817
1 5335
1 5186
1 5337
1 5338
1 1817
1 5340
1 5343
1 5342
1 4492
1 5344
1 5345
1 2994
2 5347 6322
1 2548
1 5349
2 5350 9005
1 2994
1 5352
2 5353 6248
1 2548
1 5355
1 5356
1 2994
1 5358
1 2548
1 5360
1 2994
1 5362
2 5363 9962
1 2471
1 5365
1 5366
1 2735
1 5368
1 5374
1 5370
1 5371
1 5372
1 5373
1 8
1 5375
1 1537
1 5377
1 3244
1 5379
1 1537
1 5381
2 3244 7223
1 5383
1 807
1 5385
1 4686
1 5387
1 2334
1 5389
1 4686
1 5391
1 5392
1 2334
1 5394
1 3614
1 5396
1 5397
1 1993
1 5399
1 3614
1 5401
1 1993
1 5403
1 3614
1 5405
1 5408
1 5407
1 4156
2 5409 9807
2 4799 7089
1 5411
1 5412
2 3134 6454
1 5414
2 5415 8626
1 1837
1 5417
1 5418
1 1750
1 5420
1 3522
1 5422
1 1750
2 5424 5803
1 3522
1 5426
1 1375
1 5428
1 1150
2 5430 8205
1 5431
1 5434
3 5433 5690 5701
1 3327
3 5435 5990 5996
1 5436
1 5442
1 5438
1 5439
1 5440
1 5441
1 216
1 5443
1 3706
1 5445
1 2432
1 5447
2 2915 5705
1 5449
1 5450
1 456
1 5452
1 5453
1 1398
1 5455
1 456
1 5457
1 1398
1 5459
1 3512
4 5461 6601 6607 6611
1 5462
2 5466 6251
2 5464 6922
1 5465
1 1299
1 5467
1 5468
1 748
1 5470
1 1299
1 5472
1 5473
1 748
1 5475
1 5476
1 1299
1 5478
2 5479 6967
1 748
1 5481
1 5482
1 902
1 5484
1 5490
1 5486
1 5487
1 5488
1 5489
1 1278
1 5491
1 5492
2 4843 8155
2 5494 7519
3 5495 6553 6558
3 2672 8539 8549
1 5497
1 4843
1 5499
1 5500
1 2672
1 5502
1 5507
2 5504 9612
3 5505 6283 6288
1 5506
1 3228
1 5508
1 3691
1 5510
1 5511
1 3300
1 5513
1 5514
1 3691
1 5516
1 5517
1 3300
1 5519
1 5520
1 3691
1 5522
1 3300
1 5524
1 5525
2 3691 8003
2 5527 8616
1 5528
1 3300
1 5530
1 3691
1 5532
1 5533
1 3300
2 5535 6467
1 1362
1 5537
1 5542
1 5539
1 5540
1 5541
1 104
1 5543
1 5544
1 806
2 5546 6543
1 4313
1 5548
1 5549
1 1103
1 5551
1 208
1 5553
1 5554
1 4936
1 5556
1 5557
1 2739
1 5559
1 3277
3 5561 8816 8822
1 5562
1 2214
2 5564 7297
2 531 6037
3 5566 8851 8856
1 5567
1 2214
1 5569
1 5570
1 531
1 5572
1 2214
1 5574
3 531 8158 8162
1 5576
1 2214
1 5578
1 5579
1 448
1 5581
1 1337
1 5583
1 5584
1 1544
1 5586
1 5587
1 5593
1 5589
1 5590
1 5591
1 5592
1 4663
1 5594
1 5595
1 1347
1 5597
1 4663
1 5599
3 5600 9821 9826
1 5247
4 5602 6499 6504 6509
1 5603
1 4989
1 5605
1 5606
3 2071 9964 9969
1 5608
1 4989
1 5610
1 2071
1 5612
2 939 8280
1 5614
2 1003 5744
1 5616
1 939
1 5618
1 1003
1 5620
1 3387
2 5622 8051
1 5623
1 1744
2 5625 8186
1 2698
1 5627
1 5628
1 1744
1 5630
2 2698 7391
1 5632
1 1744
1 5634
1 5635
1 5546
1 5637
1 5638
1 5642
1 5640
1 5641
1 1897
1 5643
1 3397
2 5645 9816
2 5646 5940
1 3782
2 5648 7174
1 5649
2 644 8478
2 5651 6330
1 5652
1 2298
1 5654
1 5141
1 5656
1 399
1 5658
1 2785
1 5660
1 2148
1 5662
1 5663
2 2785 6070
1 5665
1 3231
1 5667
1 5668
1 3140
2 5670 7628
1 5671
1 5204
1 5673
1 3140
1 5675
1 5679
1 5677
1 5678
2 1903 7569
3 5680 8395 8399
1 3559
1 5682
1 5683
3 2343 8579 9768
1 5685
2 1486 8710
2 5687 8302
1 4532
2 5689 8314
1 5434
1 5691
1 4532
3 5693 7652 7667
1 5694
1 5434
1 5696
1 5697
1 4532
1 5699
1 5700
1 5434
1 5702
1 3518
1 5704
1 5223
1 5706
1 1776
1 5708
3 5709 7860 7864
1 5223
1 5711
1 5712
1 1776
1 5714
1 2966
2 5716 7288
1 3596
1 5718
1 5719
1 2966
1 5721
1 5722
1 3596
1 5724
1 5729
1 5726
1 5727
1 5728
1 158
1 5730
1 5731
1 5735
1 5733
4 5734 9081 9086 9092
1 4728
1 5736
1 3839
1 5738
1 5616
1 5740
1 5741
1 1084
1 5743
1 1791
1 5745
1 5746
1 1339
1 5748
2 5749 6407
1 2852
1 5751
1 5756
1 5753
1 5754
1 5755
1 919
1 5757
1 5758
1 5547
1 5760
1 5761
1 5187
2 5763 9363
1 5764
1 916
1 5766
1 4190
1 5768
2 5769 9498
1 916
1 5771
1 4190
1 5773
1 5774
1 916
1 5776
1 5777
1 4355
1 5779
1 5780
1 3980
1 5782
4 5783 7769 7774 7779
1 161
1 5785
1 987
1 5787
1 161
2 5789 8785
1 5790
1 5771
1 5792
1 5793
1 3931
1 5795
1 5800
1 5797
1 5798
2 5799 6115
1 3462
1 5801
1 5802
2 5425 7610
1 5804
2 5805 7187
1 3680
1 5807
1 5808
1 3779
1 5810
1 4753
1 5812
1 5813
1 765
1 5815
1 5816
1 1976
1 5818
1 988
1 5820
4 5821 6075 6081 6087
1 5826
1 5823
1 5824
2 5825 8299
1 5092
1 5827
1 5828
1 3257
1 5830
1 4078
1 5832
1 5033
1 5834
2 5835 7634
2 4078 6402
1 5837
1 5838
1 2708
1 5840
1 5841
1 35
1 5843
1 2708
1 5845
1 5846
1 35
1 5848
1 5849
1 2708
1 5851
1 35
1 5853
2 5858 7593
1 5855
1 5856
1 5857
1 1134
1 5859
1 3444
1 5861
1 1525
1 5863
1 252
1 5865
1 5866
3 2652 7402 7407
1 5868
2 5872 8084
1 5870
1 5871
1 126
2 5873 6895
1 5874
1 5877
1 5876
1 2438
2 5878 7304
1 4625
1 5880
1 1347
3 5882 6271 6276
1 4625
2 5884 7705
1 1498
1 5886
1 5887
1 3094
1 5889
1 2132
1 5891
1 5892
2 5190 8654
2 5894 6056
1 4812
1 5896
1 5897
1 3189
5 5899 7229 7234 7239 7245
2 5903 9222
2 5901 6897
1 5902
2 707 6325
1 5904
2 827 9669
1 5906
1 707
1 5908
1 5909
1 827
1 5911
2 5912 8842
1 707
1 5914
1 5915
1 827
1 5917
1 5918
1 4300
1 5920
2 5921 6790
1 1190
1 5923
1 4300
1 5925
1 5926
1 1190
4 5928 6135 6139 6145
1 5929
1 818
1 5931
2 4345 9741
1 5933
2 818 6631
1 5935
1 5647
1 5937
1 893
1 5939
1 3036
1 5941
1 1259
3 5943 6750 6755
1 3036
1 5945
2 4794 9510
1 5947
1 3264
1 5949
1 4794
1 5951
1 2082
1 5953
1 5954
2 5957 6997
3 5956 9981 9986
1 3860
1 5958
1 5959
1 1437
1 5961
1 4110
1 5963
1 1196
1 5965
1 5966
1 4110
1 5968
1 1196
1 5970
1 5971
1 926
1 5973
1 2644
1 5975
2 961 8557
1 5977
1 5978
1 1934
1 5980
1 5981
1 4322
1 5983
1 5984
1 1934
1 5986
1 556
1 5988
1 5989
3 5436 7912 7916
1 5991
1 5992
1 556
1 5994
1 5995
1 5436
1 5997
1 6000
1 5999
1 1748
1 6001
1 5065
1 6003
1 1388
1 6005
1 6006
1 698
1 6008
1 6009
1 533
1 6011
1 6012
1 4815
1 6014
1 4988
5 6016 6418 6424 6429 6435
1 6020
1 6018
1 6019
1 4556
1 6021
1 1192
1 6023
1 6024
1 4943
1 6026
1 6027
1 1456
1 6029
1 3519
1 6031
2 6032 9584
1 5566
1 6034
1 1619
1 6036
1 4174
1 6038
2 6039 7511
1 3482
1 6041
1 6042
1 104
2 6044 6254
1 2477
1 6046
1 6050
1 6048
1 6049
1 474
1 6051
1 5895
1 6053
1 1424
2 6055 7837
1 5895
1 6057
1 6058
1 436
1 6060
1 6061
1 160
1 6063
1 5665
1 6065
1 6066
2 3562 8813
1 6068
1 6069
1 731
1 6071
1 3610
1 6073
1 6074
1 5822
1 6076
1 6077
1 3610
1 6079
1 6080
1 5822
1 6082
1 6083
1 3610
1 6085
1 6086
4 5132 7353 7359 7364
1 6088
1 6089
1 6092
1 6091
1 5754
1 6093
1 1817
1 6095
3 1514 6230 6235
3 6097 8500 8504
1 4112
1 6099
1 6100
1 1514
1 6102
1 4112
1 6104
1 6105
1 6110
1 6107
2 6108 7138
1 6109
1 5800
1 6111
1 3412
1 6113
1 6114
1 5800
1 6116
1 4286
1 6118
1 5375
1 6120
1 2493
1 6122
1 6123
2 2696 8897
1 6125
2 2426 9422
1 6127
1 6128
1 5929
1 6130
1 6131
2 909 7757
1 6133
1 6134
1 5929
1 6136
1 909
1 6138
1 5929
1 6140
1 6141
1 909
1 6143
1 6144
1 6150
1 6146
1 6147
1 6148
1 6149
1 2951
1 6151
1 6152
1 2642
1 6154
1 6155
2 6160 9560
1 6157
1 6158
1 6159
1 197
1 6161
1 1828
1 6163
1 4601
1 6165
1 4255
1 6167
1 6168
1 5492
1 6170
1 4918
1 6172
1 3229
1 6174
1 6175
1 1141
3 6177 6519 9185
1 4774
1 6179
1 3418
1 6181
1 1142
3 6183 6868 6872
1 6189
1 6185
1 6186
1 6187
1 6188
1 280
1 6190
1 3701
1 6192
1 4378
1 6194
1 1578
1 6196
1 6197
1 3872
1 6199
1 6200
3 1578 6370 6375
1 6202
1 3872
1 6204
1 1578
1 6206
1 6207
1 5368
1 6209
1 6210
1 3263
1 6212
1 6213
1 2567
2 6215 7506
1 6216
1 2291
1 6218
1 6219
2 6225 7334
1 6221
1 6222
1 6223
1 6224
1 5884
1 6226
1 6227
1 4289
1 6229
1 6097
1 6231
1 6232
1 4289
1 6234
1 6240
1 6236
1 6237
1 6238
1 6239
1 1245
1 6241
1 5172
1 6243
1 5354
1 6245
1 5464
2 6247 7480
4 5354 9935 9941 9945
1 6249
1 6250
2 1612 7446
1 6252
1 6253
1 4061
2 6255 9121
1 6256
1 2401
1 6258
1 2030
1 6260
1 6265
1 6262
2 6263 7162
1 6264
1 3835
1 6266
1 5883
1 6268
1 4222
2 6270 6711
1 5883
1 6272
1 4222
1 6274
1 6275
1 6278
1 6277
1 1796
1 6279
2 6280 7197
1 3153
1 6282
1 5506
1 6284
1 3153
1 6286
1 6287
1 5506
1 6289
1 6290
1 4986
1 6292
1 6293
1 3777
1 6295
1 6298
1 6297
1 1787
1 6299
1 6300
1 1463
1 6302
1 6303
1 1300
1 6305
1 2146
1 6307
1 6308
1 1300
1 6310
1 6311
1 2146
1 6313
1 6314
1 1300
2 6316 7493
1 2146
1 6318
1 5467
1 6320
1 6321
1 6062
1 6323
1 6324
1 5904
2 6326 7848
1 2730
1 6328
1 6329
2 5652 9076
1 6331
2 6332 9582
1 1286
1 6334
1 4184
1 6336
1 6337
1 1286
1 6339
1 4184
1 6341
1 6342
1 274
1 6344
1 6345
1 361
5 6347 7033 7038 7042 9278
1 274
1 6349
1 6352
1 6351
1 5042
1 6353
1 6354
1 6359
1 6356
1 6357
1 6358
1 4245
1 6360
1 6361
1 6300
1 6363
1 6104
1 6365
1 6366
1 1638
1 6368
2 6369 8848
1 6202
1 6371
1 6372
1 1638
1 6374
1 4438
1 6376
1 6377
1 3293
1 6379
1 6384
1 6381
1 6382
1 6383
1 3157
1 6385
1 6386
1 3764
1 6388
1 3157
1 6390
1 3764
2 6392 6759
1 6393
1 3157
1 6395
1 6396
1 5837
1 6398
1 835
1 6400
1 6401
1 5750
1 6403
1 102
1 6405
2 6406 6854
1 5750
1 6408
1 3569
2 6410 9129
1 2599
1 6412
1 6017
1 6414
1 6415
1 1786
1 6417
1 6017
1 6419
1 6420
1 1786
5 6422 7372 7416 7421 8096
1 6423
1 6017
1 6425
1 6426
1 1786
1 6428
1 6017
1 6430
1 6431
1 1786
1 6433
1 6434
1 3593
1 6436
1 6437
1 2417
1 6439
1 6440
1 3593
1 6442
1 6443
2 2417 6478
1 6445
1 6446
1 3593
1 6448
1 6449
1 2417
1 6451
1 1850
1 6453
1 5414
1 6455
1 6456
1 6462
1 6458
1 6459
1 6460
1 6461
1 2638
1 6463
1 4619
1 6465
1 6466
1 1333
1 6468
1 6469
3 4788 8352 8357
3 6471 7231 7236
1 6445
1 6473
2 6474 6517
1 2748
1 6476
1 6477
1 6445
2 6479 6796
1 6480
1 1425
1 6482
1 6487
1 6484
1 6485
1 6486
1 488
1 6488
1 6489
1 1430
1 6491
3 6492 6788 6793
1 5603
1 6494
1 6495
1 3509
1 6497
3 6498 7542 7547
1 5603
1 6500
1 6501
3 3509 7486 7491
2 6503 9411
3 5603 6713 6719
1 6505
2 3509 8211
1 6507
1 6508
1 638
1 6510
1 6511
1 6475
1 6513
1 638
1 6515
1 6516
1 4111
1 6518
1 2825
3 6520 6828 6832
1 346
1 6522
1 6523
1 2825
1 6525
1 6526
1 346
1 6528
1 6529
3 592 6949 8743
1 6531
1 6532
1 6535
1 6534
1 3113
1 6536
1 5547
1 6538
1 6539
1 4876
1 6541
1 6542
1 3291
1 6544
2 5022 8657
1 6546
1 3330
1 6548
1 6549
1 2157
1 6551
1 6552
1 5496
1 6554
1 6555
1 2157
1 6557
1 4057
1 6559
1 6560
1 1683
1 6562
2 4057 7600
1 6564
1 6565
1 4624
1 6567
1 6572
1 6569
1 6570
1 6571
1 1505
1 6573
1 6574
1 4542
1 6576
1 6577
2 1505 7344
1 6579
1 1076
1 6581
3 6582 8178 8183
1 3731
1 6584
1 1076
1 6586
1 6587
1 5035
1 6589
1 6590
1 5364
2 6592 8707
2 3028 7302
1 6594
1 6595
1 1225
1 6597
2 6598 8971
1 2738
1 6600
1 5462
1 6602
1 6603
1 2738
1 6605
1 6606
1 5462
1 6608
1 2738
1 6610
2 5462 7179
1 6612
1 6613
1 6618
1 6615
1 6616
1 6617
1 5852
1 6619
1 6620
2 3571 8845
1 6622
1 6623
1 5279
1 6625
1 3849
1 6627
1 427
1 6629
1 6630
1 2125
1 6632
1 6636
1 6634
1 6635
1 4602
1 6637
1 6638
1 248
1 6640
1 6641
1 5002
1 6643
1 2705
1 6645
2 178 7692
1 6647
1 6648
1 2705
1 6650
1 178
1 6652
1 2705
2 6654 8805
1 178
1 6656
1 2705
1 6658
1 6659
1 5127
1 6661
1 6662
1 1916
1 6664
1 1845
1 6666
1 6667
1 4131
1 6669
1 1284
1 6671
2 6676 8105
1 6673
1 6674
1 6675
1 5055
1 6677
1 1123
1 6679
1 6680
1 5591
2 6682 7078
1 2566
1 6684
1 6685
1 5208
1 6687
1 2566
1 6689
1 6690
3 3689 7012 8427
2 6692 7323
1 6693
1 1452
1 6695
1 3706
1 6697
3 6698 8316 8322
1 518
1 6700
1 1618
1 6702
1 6703
1 6706
2 6705 6874
1 6271
1 6707
1 6708
1 3067
1 6710
3 342 9749 9753
1 6712
1 6505
1 6714
1 6715
1 342
1 6717
1 6718
1 6505
1 6720
1 6723
2 6722 7276
1 4175
1 6724
1 6725
1 2604
1 6727
1 6728
2 4158 7694
1 6730
1 1234
1 6732
1 4158
1 6734
1 6735
1 2416
1 6737
1 6738
1 6601
1 6740
1 6741
1 4171
1 6743
1 6748
1 6745
1 6746
1 6747
1 4
1 6749
1 5944
1 6751
1 6752
1 4
1 6754
1 5034
1 6756
1 1022
1 6758
1 6393
1 6760
1 6761
1 3235
1 6763
1 6764
1 4398
1 6766
2 6205 9978
1 6768
1 4063
1 6770
1 4297
1 6772
1 6773
1 6779
1 6775
1 6776
1 6777
3 6778 6834 6839
1 4561
1 6780
1 6636
1 6782
1 6785
1 6784
1 5922
1 6786
1 6787
1 6493
1 6789
1 5922
1 6791
2 6792 7337
1 934
2 6794 8629
1 6795
1 4596
1 6797
2 1885 9557
1 6799
1 6800
1 4596
1 6802
1 6803
1 1885
1 6805
1 3987
1 6807
1 6808
2 3537 9604
1 6810
1 2409
1 6812
1 6813
1 6819
1 6815
1 6816
1 6817
1 6818
1 2358
1 6820
1 5323
1 6822
1 6823
1 2358
1 6825
1 3234
1 6827
1 6521
1 6829
1 3234
1 6831
1 1577
1 6833
1 6779
1 6835
1 6836
1 1577
1 6838
1 6779
1 6840
1 1577
1 6842
1 6843
1 6779
1 6845
1 1577
1 6847
1 6848
1 6851
1 6850
1 5808
1 6852
1 6853
2 3479 9672
1 6855
1 2893
1 6857
1 6858
1 3479
1 6860
1 6861
1 6184
1 6863
1 6864
2 2824 8224
1 6866
1 6867
3 6184 8944 8948
2 6869 7699
1 2824
1 6871
1 1537
1 6873
1 684
1 6875
1 6876
1 782
1 6878
2 6879 7530
1 1668
1 6881
1 673
1 6883
1 1977
1 6885
1 673
1 6887
1 6892
1 6889
1 6890
1 6891
1 5902
1 6893
2 6894 7869
1 5874
1 6896
2 2581 8878
1 6898
1 2026
1 6900
1 2650
1 6902
1 6903
2 2026 8261
1 6905
1 3452
2 6907 9343
1 2743
1 6909
1 6910
1 3452
1 6912
1 6913
1 2743
1 6915
1 6916
1 3452
1 6918
1 6919
1 2078
1 6921
1 5465
1 6923
1 6924
1 3439
1 6926
1 6927
1 6933
1 6929
1 6930
1 6931
1 6932
1 4062
1 6934
1 3732
1 6936
1 6937
1 4062
1 6939
1 6940
1 2652
1 6942
1 6943
1 6531
1 6945
2 2716 9555
1 6947
1 6948
1 6531
1 6950
1 4315
1 6952
1 6953
1 6958
1 6955
1 6956
1 6957
1 1268
1 6959
1 6960
1 3214
1 6962
1 6963
1 2018
1 6965
1 6966
1 883
1 6968
1 3614
1 6970
1 1697
1 6972
1 3614
1 6974
1 5116
3 6976 8528 8534
4 6977 7295 7451 7456
1 2913
1 6979
1 549
1 6981
1 3060
2 6983 8941
1 6984
1 4096
1 6986
1 6987
1 6992
1 6989
1 6990
1 6991
1 5956
1 6993
1 6994
1 3989
1 6996
1 5956
1 6998
1 6999
1 4298
1 7001
1 7002
1 4425
1 7004
1 4298
1 7006
1 4425
1 7008
3 7009 7464 9923
4 5565 8920 8925 8930
1 7011
1 3322
3 7013 7631 7637
1 2839
1 7015
2 7016 7347
1 3322
1 7018
1 7019
1 2839
1 7021
1 957
1 7023
1 7024
2 7029 7787
1 7026
1 7027
1 7028
1 6348
2 7030 9930
1 4585
1 7032
1 6348
1 7034
3 4585 7115 7120
1 7036
1 7037
1 6348
1 7039
1 4585
1 7041
1 7044
1 7043
1 6891
1 7045
1 6418
1 7047
1 7048
1 2883
1 7050
1 3286
1 7052
1 7053
1 1983
1 7055
1 2486
1 7057
1 7058
1 722
1 7060
1 7061
1 2486
1 7063
1 2370
1 7065
1 5131
1 7067
1 7068
1 1481
1 7070
1 7074
1 7072
1 7073
1 1584
1 7075
1 5962
1 7077
1 1019
1 7079
1 7080
1 4305
1 7082
1 5759
1 7084
1 5411
1 7086
1 1899
1 7088
1 4007
3 7090 8057 8063
1 1306
1 7092
1 4007
1 7094
1 7095
1 1472
1 7097
1 1327
1 7099
1 580
1 7101
1 14
1 7103
1 7104
1 7107
1 7106
2 3473 7921
1 7108
1 7109
1 7036
1 7111
1 4352
1 7113
1 7114
1 7036
1 7116
1 4352
1 7118
1 7119
1 7036
1 7121
1 3325
1 7123
1 3461
1 7125
1 7126
1 3325
1 7128
2 7129 9210
1 3461
1 7131
1 7134
1 7133
1 6109
1 7135
1 976
1 7137
1 268
2 7139 9349
1 7140
1 4422
1 7142
1 7143
1 5850
1 7145
1 6463
1 7147
1 7148
1 2622
1 7150
1 7151
1 1236
1 7153
1 7156
2 7155 7279
1 6264
1 7157
1 7158
1 3373
2 7160 9195
1 7161
1 5329
1 7163
1 7164
1 3839
1 7166
1 7167
1 5649
1 7169
1 7170
1 2670
1 7172
1 7173
2 7176 7722
1 7175
1 4406
1 7177
1 7178
1 6223
1 7180
1 7181
1 13
1 7183
1 7184
1 202
1 7186
1 4218
1 7188
1 7189
2 3299 7555
1 7191
1 7194
2 7193 9812
1 2988
1 7195
1 7196
2 2498 8599
1 7198
1 7199
1 1470
1 7201
1 7167
1 7203
1 7208
1 7205
1 7206
1 7207
2 7065 9377
1 7209
1 2049
3 7211 9073 9079
1 6004
2 7213 7428
1 2899
1 7215
1 2709
1 7217
1 2899
1 7219
1 1608
1 7221
1 7222
1 5383
1 7224
1 7225
1 6472
1 7227
1 7228
1 5900
1 7230
1 6472
1 7232
1 7233
1 5900
1 7235
1 6472
1 7237
1 7238
1 5900
1 7240
1 7241
1 6472
1 7243
1 7244
1 7250
2 7246 8430
1 7247
1 7248
1 7249
1 3796
1 7251
1 2185
1 7253
1 3796
1 7255
1 4638
1 7257
1 4373
1 7259
1 7260
1 3182
3 7262 8094 8098
1 5325
1 7264
1 7265
1 7270
1 7267
1 7268
1 7269
1 6723
1 7271
1 7272
1 793
1 7274
1 7275
1 3144
1 7277
1 7278
2 7156 8027
1 7280
1 7281
1 5717
1 7283
1 7284
1 78
1 7286
1 7287
1 5717
1 7289
1 7290
1 6978
3 7292 8344 9398
1 1599
1 7294
1 6119
1 7296
1 7300
1 7298
1 7299
1 741
1 7301
1 4506
1 7303
1 7307
1 7305
1 7306
1 3582
1 7308
2 4812 8716
1 7310
1 7311
1 3582
1 7313
1 1998
1 7315
1 7316
1 7321
1 7318
1 7319
1 7320
2 7233 7825
1 7322
1 7326
1 7324
1 7325
1 2149
1 7327
1 7328
1 7331
1 7330
1 6793
1 7332
1 7333
1 6221
1 7335
1 7336
1 7342
1 7338
3 7339 8367 8371
1 7340
1 7341
1 125
1 7343
1 6461
1 7345
1 7346
1 6088
1 7348
1 7349
1 1466
1 7351
1 7352
1 6088
1 7354
1 7355
1 1466
1 7357
1 7358
1 6088
1 7360
1 1466
1 7362
1 7363
1 6088
1 7365
1 6423
1 7367
1 7368
1 215
1 7370
1 7371
1 6423
1 7373
1 215
1 7375
1 7376
1 6591
1 7378
1 7379
1 7385
1 7381
1 7382
1 7383
1 7384
1 5632
1 7386
1 7387
1 3166
1 7389
1 7390
1 5632
1 7392
1 2401
1 7394
1 7395
1 3049
2 7397 9255
1 6343
1 7399
1 2810
1 7401
1 5868
1 7403
1 2810
1 7405
1 7406
1 2304
1 7408
1 2096
1 7410
1 2304
1 7412
1 3876
1 7414
1 7415
1 6423
1 7417
1 3876
1 7419
1 7420
1 1793
1 7422
1 7214
1 7424
1 1793
1 7426
1 7427
1 7214
1 7429
1 7435
1 7431
1 7432
1 7433
1 7434
1 4094
1 7436
1 7437
1 91
1 7439
2 282 7804
2 7441 7935
1 5384
1 7443
1 485
1 7445
3 6252 7772 7777
1 7447
1 2250
1 7449
1 7450
1 6978
1 7452
1 7453
1 2250
1 7455
1 6978
1 7457
1 7458
1 7461
2 7460 8392
2 2916 9427
1 7462
1 7463
1 2644
1 7465
1 1006
1 7467
1 7468
1 2312
1 7470
1 2811
1 7472
2 2117 8968
1 7474
1 7475
1 2811
1 7477
1 6279
1 7479
1 55
1 7481
1 7482
1 662
1 7484
1 7485
1 6503
1 7487
1 662
1 7489
1 7490
1 1849
1 7492
1 7498
1 7494
3 7495 8797 8801
1 7496
1 7497
1 4026
1 7499
1 6216
1 7501
1 7502
1 5258
1 7504
1 7505
1 6216
1 7507
1 7508
1 5906
1 7510
1 4400
1 7512
1 7513
1 5495
1 7515
1 7516
1 4400
1 7518
1 2632
2 7520 9324
2 3467 8911
2 7522 9553
1 7527
1 7524
1 7525
1 7526
1 3755
1 7528
1 7529
1 4873
1 7531
1 3566
1 7533
1 4873
1 7535
1 3491
1 7537
1 7538
1 2374
1 7540
1 7541
1 6499
1 7543
2 7544 7990
1 2374
1 7546
2 6499 8989
1 7548
1 7549
1 2374
2 7551 8603
1 362
1 7553
1 7554
1 7559
1 7556
1 7557
1 7558
1 7516
1 7560
1 7561
1 6226
1 7563
1 7564
1 5680
1 7566
1 3444
1 7568
1 5680
1 7570
1 7571
1 4915
1 7573
1 4309
1 7575
1 7576
1 1653
1 7578
1 7579
1 286
1 7581
1 7582
1 7585
1 7584
1 2944
1 7586
1 7587
1 5855
1 7589
1 7590
1 4878
1 7592
3 2299 9127 9132
1 7594
1 7595
1 1795
1 7597
1 2008
1 7599
1 6564
1 7601
1 7602
1 7607
1 7604
1 7605
1 7606
2 5512 9368
2 7608 8963
1 7609
1 709
1 7611
1 7612
1 7615
1 7614
1 1778
1 7616
2 5228 7910
1 7618
1 7619
1 1778
1 7621
1 7622
1 5228
1 7624
1 6001
1 7626
1 7627
1 5836
1 7629
1 7630
1 7014
1 7632
1 7633
1 5836
1 7635
1 7636
1 2562
1 7638
1 7639
1 2409
1 7641
1 7642
1 2562
1 7644
1 2409
2 7646 8702
1 2409
1 7648
1 7649
1 4616
1 7651
3 5694 9653 9658
1 7653
1 7654
2 4616 7720
1 7656
1 7657
1 5694
1 7659
1 4616
1 7661
1 7662
3 5694 9882 9888
1 7664
1 4616
1 7666
1 5694
1 7668
1 7669
1 750
1 7671
1 7672
1 7677
1 7674
1 7675
1 7676
1 3321
1 7678
1 1384
1 7680
1 3499
1 7682
1 783
1 7684
1 7685
1 3290
1 7687
1 783
2 7689 9900
2 6730 8128
1 7691
1 6647
1 7693
1 6870
1 7695
1 7696
1 2302
1 7698
1 6870
1 7700
1 7701
1 2980
1 7703
1 7704
1 7709
1 7706
1 7707
1 7708
1 4644
1 7710
1 1148
1 7712
1 7713
1 1225
1 7715
1 7716
1 5581
1 7718
1 7719
1 104
1 7721
1 7175
1 7723
1 1797
1 7725
1 7726
1 19
3 7728 8264 8511
1 7729
1 1797
1 7731
2 7732 7759
1 7735
1 7734
1 2130
1 7736
1 7737
1 6470
1 7739
1 1231
1 7741
1 1296
1 7743
1 7744
1 2
1 7746
1 7747
1 4353
1 7749
1 7754
1 7751
1 7752
1 7753
1 5120
1 7755
1 7756
1 4096
1 7758
1 7764
1 7760
1 7761
1 7762
1 7763
1 1195
1 7765
2 7447 8480
1 7767
1 7768
1 5784
1 7770
1 7771
1 7447
1 7773
1 5784
1 7775
1 7776
1 7447
1 7778
1 7783
1 7780
1 7781
1 7782
1 1819
1 7784
1 196
1 7786
1 7026
1 7788
1 7789
1 7794
1 7791
1 7792
1 7793
1 4979
1 7795
1 7796
1 407
1 7798
1 7799
1 4979
1 7801
1 1146
1 7803
1 3525
1 7805
1 7806
1 3698
1 7808
1 7809
1 7814
1 7811
1 7812
1 7813
1 4238
1 7815
1 2237
1 7817
1 251
1 7819
1 4987
1 7821
1 7822
1 6681
1 7824
1 7830
1 7826
1 7827
1 7828
1 7829
1 2267
1 7831
1 6056
1 7833
1 7834
1 3868
1 7836
1 4085
1 7838
1 1128
1 7840
1 7841
1 4183
1 7843
1 7844
1 1716
1 7846
1 7847
1 536
1 7849
1 1673
1 7851
1 7855
1 7853
1 7854
1 5710
1 7856
1 431
1 7858
1 7859
1 5710
1 7861
1 431
2 7863 8035
1 5710
1 7865
1 3675
2 7867 8833
2 7868 8139
2 6895 9793
1 7870
1 7871
1 4437
1 7873
2 3547 8733
1 7875
1 4437
1 7877
1 7878
1 3547
1 7880
1 4437
1 7882
2 7883 8435
1 608
1 7885
1 7886
1 2478
1 7888
1 3412
1 7890
1 7891
1 2478
1 7893
1 3412
1 7895
1 7896
1 3718
1 7898
1 7899
1 4299
1 7901
1 7905
1 7903
2 7904 9996
1 1840
1 7906
1 7907
1 5991
2 7909 9414
1 7618
1 7911
1 5991
1 7913
1 7618
1 7915
1 5991
1 7917
1 7918
1 1167
1 7920
1 4627
1 7922
1 7923
1 1164
1 7925
1 7926
2 2237 8160
1 7928
1 7929
1 814
1 7931
1 696
1 7933
1 7934
1 7442
2 7936 8365
1 3037
1 7938
1 7939
1 4631
1 7941
1 7944
1 7943
1 1403
1 7945
1 7949
1 7947
1 7948
1 703
1 7950
1 7951
1 881
1 7953
1 703
1 7955
1 7956
1 1210
1 7958
1 7959
1 4572
1 7961
1 3494
1 7963
1 7964
1 4572
1 7966
1 7972
1 7968
1 7969
1 7970
1 7971
1 4403
1 7973
1 7974
1 5116
2 7976 9598
1 7977
1 4403
1 7979
1 1873
1 7981
1 7985
1 7983
1 7984
1 7966
1 7986
1 7987
1 3850
1 7989
1 2590
1 7991
1 2960
1 7993
2 7994 8735
1 3266
1 7996
1 2713
1 7998
4 3266 8450 8455 8460
2 8000 9134
1 6565
1 8002
5 5527 8101 8378 8384 8390
2 8004 9925
1 8008
1 8006
1 8007
1 5099
1 8009
1 8010
1 3428
1 8012
1 7415
1 8014
1 8015
1 8018
1 8017
1 2829
1 8019
1 8020
1 7280
2 8022 8721
1 8023
1 2829
1 8025
1 8026
1 7280
1 8028
1 1213
2 8030 8221
1 8031
1 7387
1 8033
1 8034
1 7841
1 8036
1 3416
1 8038
1 976
1 8040
1 8041
1 3416
1 8043
1 8044
1 976
2 8046 8369
1 5623
1 8048
1 4860
1 8050
1 2214
1 8052
1 7091
1 8054
1 2214
1 8056
1 7091
1 8058
1 8059
1 2214
1 8061
3 8062 8330 9587
1 5598
1 8064
1 8070
2 8066 9165
1 8067
1 8068
1 8069
2 3709 9417
1 8071
1 3899
1 8073
1 8074
1 2989
1 8076
1 3899
1 8078
1 8082
1 8080
1 8081
1 4462
1 8083
1 5870
1 8085
2 8086 8484
1 2880
1 8088
1 4408
1 8090
1 8091
1 6423
1 8093
1 7263
1 8095
1 6423
1 8097
1 5126
1 8099
1 8100
1 8103
1 8102
1 2164
1 8104
1 6673
1 8106
1 8107
1 2013
1 8109
1 8110
1 3009
1 8112
1 8113
1 8116
1 8115
1 1938
1 8117
1 544
1 8119
1 1938
2 8121 9492
1 8122
1 7691
1 8124
1 8125
1 350
1 8127
1 1123
1 8129
1 1796
1 8131
1 8132
1 2350
1 8134
1 7869
1 8136
1 2350
1 8138
2 7869 9507
1 8140
1 8141
1 8146
1 8143
3 8144 8333 8338
1 8145
1 5440
1 8147
1 8148
1 8153
1 8150
1 8151
1 8152
1 4785
1 8154
1 7928
1 8156
1 8157
1 5576
1 8159
1 7928
1 8161
1 2882
5 8163 9282 9288 9300 9306
1 828
1 8165
1 2882
1 8167
1 8168
1 2252
1 8170
1 977
1 8172
1 974
1 8174
1 8175
1 3828
1 8177
1 6583
1 8179
1 3828
1 8181
1 8182
1 947
1 8184
1 8185
1 3102
1 8187
1 8188
1 806
1 8190
1 8191
1 3102
1 8193
1 8194
1 8199
1 8196
1 8197
1 8198
1 5431
1 8200
1 8201
1 4432
1 8203
1 8204
1 5431
1 8206
1 6506
1 8208
1 1479
1 8210
1 6507
1 8212
1 8213
1 3592
1 8215
1 8031
2 8217 8465
1 8218
1 3592
1 8220
2 424 9309
1 8222
1 8223
1 2517
1 8225
1 8226
1 8232
1 8228
1 8229
1 8230
1 8231
1 4607
1 8233
1 8234
1 423
1 8236
1 8237
1 4364
1 8239
1 8240
1 4571
1 8242
1 4364
1 8244
1 8245
1 2091
1 8247
1 8248
1 1493
1 8250
1 8251
1 8257
1 8253
1 8254
1 8255
1 8256
1 5297
1 8258
1 7729
1 8260
1 6905
1 8262
1 8263
1 3862
1 8265
1 8266
1 3544
1 8268
1 8269
1 8274
2 8271 9405
1 8272
1 8273
1 868
1 8275
1 8276
1 4562
1 8278
1 8279
1 5614
1 8281
1 1379
1 8283
1 8284
1 4246
1 8286
1 846
1 8288
1 8289
1 976
1 8291
1 8292
1 4504
1 8294
1 372
1 8296
1 6389
1 8298
1 2044
1 8300
1 8301
1 5688
1 8303
1 8304
1 2044
1 8306
1 8307
1 8312
1 8309
1 8310
1 8311
1 4993
1 8313
1 715
1 8315
1 6699
1 8317
1 8318
1 715
1 8320
1 8321
1 4325
1 8323
1 8324
1 8063
1 8326
1 863
1 8328
1 8329
1 110
1 8331
1 8332
1 8145
1 8334
1 110
1 8336
1 8337
1 7293
1 8339
1 8340
1 2450
1 8342
1 8343
1 7293
1 8345
1 8346
1 6471
1 8348
1 4432
1 8350
1 8351
1 6471
1 8353
1 8354
1 4432
1 8356
1 8362
1 8358
1 8359
1 8360
1 8361
1 1951
1 8363
1 8364
1 8047
1 8366
1 7340
1 8368
1 8047
1 8370
1 8375
1 8372
1 8373
1 8374
1 2826
1 8376
1 8377
1 8004
1 8379
1 8380
1 2826
1 8382
1 8383
1 8004
1 8385
1 8386
1 2826
3 8388 9485 9489
1 8389
1 1163
1 8391
1 4300
1 8393
2 8394 9667
1 5681
1 8396
1 4300
1 8398
1 3909
1 8400
1 8401
1 992
1 8403
1 3909
1 8405
1 992
1 8407
1 8408
2 8413 9907
1 8410
1 8411
1 8412
1 153
1 8414
1 8415
1 1147
1 8417
1 4752
1 8419
1 8420
1 1635
1 8422
1 8423
1 7443
1 8425
1 8426
1 3386
1 8428
1 8429
1 7247
1 8431
1 2245
1 8433
4 8434 9525 9530 9535
1 2534
1 8436
1 8442
1 8438
1 8439
1 8440
1 8441
1 4767
1 8443
1 6674
1 8445
1 8446
1 709
1 8448
1 8449
1 8000
1 8451
2 8452 8795
1 709
1 8454
1 8000
1 8456
1 8457
1 709
1 8459
1 8218
1 8461
1 8462
1 1016
1 8464
1 4505
1 8466
1 3877
1 8468
1 8469
1 8475
1 8471
1 8472
1 8473
1 8474
1 7767
1 8476
1 8477
1 5651
1 8479
1 8482
1 8481
1 614
1 8483
1 8087
1 8485
1 8486
1 614
1 8488
1 8087
1 8490
1 8491
1 6227
1 8493
1 8494
1 8015
1 8496
1 905
1 8498
1 8499
1 6098
1 8501
1 905
1 8503
1 6098
1 8505
1 7729
1 8507
1 8508
1 6242
1 8510
1 7729
1 8512
1 8513
1 6242
1 8515
1 8516
1 8034
1 8518
1 8523
1 8520
1 8521
1 8522
1 6977
1 8524
1 8525
1 2808
1 8527
1 6977
1 8529
1 8530
1 2808
1 8532
1 8533
1 6977
1 8535
1 8536
1 675
1 8538
1 5497
1 8540
1 8541
1 675
1 8543
1 8544
1 5497
1 8546
1 675
1 8548
1 2502
1 8550
1 7833
1 8552
1 8553
1 4350
1 8555
1 8556
1 5977
1 8558
1 8559
1 3292
1 8561
1 8562
1 4492
1 8564
1 3292
1 8566
1 8567
1 4492
1 8569
1 8570
1 3292
1 8572
1 4492
1 8574
1 8575
1 812
1 8577
1 8578
1 2061
1 8580
1 1363
1 8582
1 8583
1 2061
1 8585
1 8586
1 1363
1 8588
1 8589
1 8593
1 8591
1 8592
1 3907
1 8594
1 7198
1 8596
1 4191
1 8598
2 7198 9334
1 8600
1 7002
1 8602
1 8608
1 8604
1 8605
1 8606
1 8607
1 7247
1 8609
1 8610
1 5528
1 8612
1 178
1 8614
2 8615 9738
1 5528
1 8617
3 8618 8772 8777
1 178
1 8620
1 5528
1 8622
1 8623
2 2814 9837
1 8625
1 7849
1 8627
1 8628
1 7747
1 8630
1 8631
1 1109
1 8633
1 8634
1 2137
1 8636
1 1109
1 8638
1 8639
1 2137
1 8641
1 1109
1 8643
1 8644
1 2137
1 8646
1 8647
1 8651
1 8649
1 8650
1 6713
1 8652
1 8653
1 2460
1 8655
1 8656
1 604
1 8658
1 3671
1 8660
1 4703
1 8662
1 8663
1 2692
1 8665
1 8666
1 4703
1 8668
1 2692
1 8670
1 8671
1 4703
1 8673
2 8674 9321
1 73
1 8676
1 8677
1 3174
1 8679
1 8680
1 2776
1 8682
1 3174
1 8684
1 8685
1 2776
1 8687
1 3174
1 8689
1 2776
1 8691
1 4352
1 8693
1 8694
1 8699
1 8696
1 8697
1 8698
1 6004
1 8700
1 8701
1 8704
4 8703 9097 9102 9107
1 5687
1 8705
1 8706
1 6593
1 8708
1 8709
1 5687
1 8711
1 8712
1 4305
1 8714
1 8715
1 8023
1 8717
1 90
1 8719
1 8720
1 3694
1 8722
1 8723
1 3360
1 8725
1 8726
1 3694
1 8728
1 8729
1 7502
1 8731
1 8732
1 7274
1 8734
1 7995
1 8736
1 2692
1 8738
1 8739
1 8606
1 8741
1 8742
1 8747
1 8744
1 8745
1 8746
1 4130
1 8748
1 8749
1 5301
3 8751 9275 9280
1 8752
1 4130
1 8754
1 990
1 8756
1 4411
1 8758
1 8210
1 8760
1 8761
1 1480
1 8763
1 4467
1 8765
1 8766
1 1480
1 8768
1 3692
1 8770
1 8771
1 8619
1 8773
1 3692
1 8775
1 8776
1 8619
1 8778
1 8779
1 5790
1 8781
1 4919
1 8783
1 8784
1 1789
1 8786
1 8790
1 8788
1 8789
1 8453
1 8791
1 8792
1 939
1 8794
1 2275
1 8796
1 7496
4 8798 9848 9854 9859
1 2275
1 8800
1 7379
1 8802
1 1280
1 8804
2 7571 8954
1 8806
1 8810
1 8808
1 8809
1 171
1 8811
1 8812
1 2130
1 8814
1 8815
1 5562
1 8817
1 8818
1 2130
1 8820
1 8821
1 5562
1 8823
1 8824
1 5983
1 8826
1 7868
1 8828
1 8829
1 107
1 8831
1 8832
2 4663 8863
1 8834
1 8835
1 8840
1 8837
1 8838
1 8839
1 6622
1 8841
1 5913
1 8843
1 8844
1 4775
1 8846
1 8847
1 4128
2 8849 9500
1 8850
1 5567
1 8852
1 4128
1 8854
1 8855
1 8861
1 8857
1 8858
1 8859
1 8860
1 2206
1 8862
1 7660
1 8864
1 745
1 8866
1 1997
2 8868 9576
1 745
1 8870
1 8871
1 745
1 8873
1 8874
1 3124
1 8876
1 8877
1 8880
1 8879
1 3022
1 8881
1 8887
1 8883
1 8884
1 8885
1 8886
1 4211
1 8888
1 8889
1 143
1 8891
1 4211
1 8893
1 8894
1 1458
1 8896
1 6125
1 8898
1 8899
1 4333
1 8901
1 8905
1 8903
1 8904
1 7115
1 8906
1 7522
1 8908
1 4403
1 8910
1 7522
1 8912
1 8913
1 2308
1 8915
1 8916
1 2601
1 8918
1 8919
1 7011
1 8921
1 8922
1 2601
1 8924
1 7011
1 8926
1 8927
1 2601
1 8929
1 4027
1 8931
1 4985
1 8933
1 4027
1 8935
1 6984
1 8937
1 4082
1 8939
1 8940
1 1618
1 8942
1 8943
1 6869
1 8945
1 1618
1 8947
1 8806
1 8949
1 8950
1 1606
2 8952 9868
1 8953
1 8956
1 8955
1 7606
1 8957
1 5005
1 8959
1 8960
1 6994
1 8962
1 7474
1 8964
1 8965
1 7543
1 8967
1 8262
1 8969
1 8970
1 1278
1 8972
1 8973
3 2812 9114 9119
1 8975
1 8976
1 1278
1 8978
1 8982
1 8980
1 8981
1 4744
1 8983
1 8986
1 8985
1 7044
1 8987
1 8988
1 346
1 8990
1 8991
1 2696
1 8993
1 8994
1 346
1 8996
1 2696
1 8998
1 346
1 9000
1 2696
1 9002
1 8283
1 9004
1 1353
1 9006
1 9007
1 1683
1 9009
1 1353
1 9011
1 9012
1 1683
1 9014
1 9015
1 316
1 9017
1 9018
1 6967
1 9020
1 260
1 9022
1 4394
1 9024
1 9025
1 260
1 9027
1 9028
1 4394
1 9030
1 9031
1 260
1 9033
1 4394
1 9035
1 260
1 9037
1 9041
5 9039 9773 9779 9784 9789
1 9040
1 5090
1 9042
1 9043
1 3601
1 9045
1 9046
1 2272
1 9048
1 4099
1 9050
1 2272
1 9052
1 4099
1 9054
1 2272
1 9056
1 9057
1 4099
1 9059
1 9060
1 2272
1 9062
1 4099
1 9064
1 9065
1 2272
1 9067
1 4099
1 9069
1 6331
1 9071
1 9072
1 7212
1 9074
1 9075
1 6331
1 9077
1 9078
1 3033
1 9080
1 5735
1 9082
1 9083
1 3033
1 9085
1 5735
1 9087
1 9088
1 3033
1 9090
1 9091
1 3392
1 9093
1 9094
1 2749
1 9096
1 8704
1 9098
1 9099
1 2749
1 9101
1 8704
1 9103
1 9104
1 2749
1 9106
1 8704
1 9108
1 9112
1 9110
1 9111
1 6256
1 9113
1 8975
1 9115
1 6256
1 9117
1 9118
1 8975
1 9120
1 6256
1 9122
1 9123
1 6411
1 9125
1 9126
1 7594
1 9128
1 6411
1 9130
1 9131
1 7161
1 9133
1 9139
1 9135
1 9136
1 9137
1 9138
1 2094
1 9140
1 9141
1 9146
1 9143
1 9144
1 9145
1 310
1 9147
1 9148
1 1974
1 9150
1 9151
1 310
1 9153
1 9154
1 7524
1 9156
1 9157
1 9160
1 9159
1 2791
1 9161
1 9162
1 7948
1 9164
1 9170
1 9166
1 9167
1 9168
1 9169
1 2121
1 9171
1 9172
1 2228
2 9174 9764
1 9175
1 2121
1 9177
1 9178
1 2499
1 9180
1 9181
1 3960
1 9183
2 9184 9674
1 8316
1 9186
1 8740
1 9188
1 9189
1 7161
1 9191
1 9192
1 1601
1 9194
1 3031
1 9196
1 9202
1 9198
1 9199
1 9200
1 9201
1 1908
1 9203
1 9204
1 864
1 9206
1 9207
1 3089
1 9209
1 7130
1 9211
1 739
1 9213
1 67
1 9215
1 9216
1 5901
1 9218
1 1627
1 9220
1 9221
1 5901
1 9223
1 9224
1 4639
1 9226
1 3217
1 9228
1 4639
1 9230
1 9231
1 3217
1 9233
1 4639
1 9235
1 3217
1 9237
1 9241
1 9239
1 9240
1 4825
1 9242
1 4653
1 9244
1 4825
1 9246
1 9247
1 4653
1 9249
1 4825
1 9251
1 1724
1 9253
1 9254
1 7398
1 9256
1 9257
1 2767
1 9259
1 9263
1 9261
1 9262
1 1218
1 9264
1 2075
1 9266
1 1218
1 9268
1 9269
1 1324
1 9271
1 6348
1 9273
1 9274
1 8752
1 9276
1 9277
1 6348
1 9279
1 887
1 9281
1 8164
1 9283
1 9284
1 887
1 9286
1 9287
1 8164
1 9289
1 9290
1 887
1 9292
1 9293
1 8164
1 9295
1 9296
1 887
1 9298
1 9299
1 8164
1 9301
1 9302
1 887
1 9304
1 9305
1 7660
1 9307
2 9308 9677
1 1738
1 9310
1 9311
1 3622
1 9313
1 2006
1 9315
1 3807
1 9317
1 7521
1 9319
1 9320
1 8675
1 9322
1 9323
1 7521
1 9325
1 9326
1 9329
1 9328
1 8600
1 9330
1 9331
1 1424
1 9333
1 8600
1 9335
1 8423
2 9337 9800
1 6908
1 9339
1 1548
1 9341
1 9342
1 6908
1 9344
1 9345
1 7503
1 9347
1 9348
1 758
1 9350
1 9351
1 2584
1 9353
1 9354
1 758
1 9356
1 5764
1 9358
1 9359
1 3918
1 9361
1 9362
1 5764
1 9364
1 9365
1 763
1 9367
1 9371
1 9369
1 9370
1 7209
1 9372
1 9373
1 3826
1 9375
1 9376
1 321
1 9378
1 9379
1 4319
1 9381
1 9382
1 9388
1 9384
1 9385
1 9386
1 9387
1 1493
1 9389
1 9390
1 9396
1 9392
1 9393
1 9394
1 9395
1 841
1 9397
1 5011
1 9399
1 9400
1 4300
1 9402
1 8557
1 9404
1 3066
1 9406
1 995
1 9408
1 3432
1 9410
1 5802
1 9412
1 9413
1 8570
1 9415
1 9416
1 9420
1 9418
1 9419
1 3401
1 9421
1 7462
1 9423
1 254
1 9425
1 9426
1 5859
1 9428
1 1599
1 9430
1 2714
1 9432
1 9433
1 7771
1 9435
1 9436
1 9440
1 9438
1 9439
1 4274
1 9441
1 1963
1 9443
1 4274
1 9445
1 9451
1 9447
1 9448
1 9449
1 9450
1 6441
1 9452
1 2818
1 9454
1 6441
1 9456
1 9457
1 2818
1 9459
1 3606
1 9461
1 3607
1 9463
1 2691
1 9465
1 9466
1 230
1 9468
1 9469
1 118
1 9471
1 2162
1 9473
1 118
1 9475
1 9476
1 797
1 9478
1 9479
1 1720
1 9481
1 575
1 9483
1 9484
1 8389
1 9486
1 575
1 9488
1 9216
1 9490
1 9491
1 9495
1 9493
1 9494
1 8798
1 9496
1 9497
1 6084
1 9499
1 8850
1 9501
1 8140
1 9503
1 9504
1 4047
1 9506
1 1460
1 9508
1 9509
1 3044
1 9511
1 9512
1 2095
1 9514
1 4046
1 9516
1 9517
1 9523
1 9519
1 9520
1 9521
1 9522
1 3093
1 9524
1 8435
1 9526
2 3093 9999
2 9528 9928
1 9529
1 8435
1 9531
1 9532
1 3093
1 9534
1 2315
1 9536
1 9537
1 657
1 9539
1 2251
1 9541
1 9542
1 657
1 9544
1 2251
1 9546
1 9547
1 657
1 9549
1 9550
1 6074
1 9552
1 745
1 9554
1 1177
1 9556
1 4668
1 9558
1 9559
1 6157
1 9561
1 9562
1 9565
1 9564
1 1259
1 9566
1 3937
1 9568
1 9569
1 9574
1 9571
1 9572
1 9573
1 4031
1 9575
1 6316
1 9577
1 9578
1 4823
1 9580
1 9581
1 8063
1 9583
1 6033
1 9585
1 9586
1 9591
1 9588
1 9589
1 9590
1 879
1 9592
1 6939
1 9594
1 3045
1 9596
1 9597
1 6810
1 9599
1 9600
1 4026
1 9602
1 9603
1 7840
1 9605
1 9606
1 1078
1 9608
1 9609
1 4439
1 9611
1 5505
1 9613
1 4439
1 9615
1 5505
1 9617
1 2288
1 9619
1 9620
1 4775
1 9622
1 9623
1 2288
1 9625
1 9626
1 9632
1 9628
1 9629
1 9630
1 9631
1 3848
1 9633
1 2035
1 9635
1 9636
1 3848
1 9638
1 2035
1 9640
1 9641
1 3848
1 9643
1 9644
1 3838
1 9646
1 9647
1 7653
1 9649
1 9650
1 3838
1 9652
1 7653
1 9654
1 9655
1 3838
1 9657
1 7653
1 9659
1 9660
1 9665
1 9662
1 9663
1 9664
1 6524
1 9666
1 6855
1 9668
1 5906
1 9670
4 9671 9818 9824 9828
1 1085
1 9673
1 2070
1 9675
1 9676
1 9309
1 9678
1 8088
1 9680
1 9681
1 2396
1 9683
1 2045
1 9685
1 2396
1 9687
1 2045
1 9689
1 9690
1 4227
1 9692
1 2274
1 9694
1 4227
1 9696
1 9697
1 2274
1 9699
1 9700
1 4227
1 9702
1 9703
1 2274
1 9705
1 4227
1 9707
1 6300
1 9709
1 9714
1 9711
1 9712
1 9713
1 2792
1 9715
1 9716
1 446
1 9718
1 105
1 9720
1 9721
1 2153
1 9723
1 4000
1 9725
1 9726
1 5092
1 9728
1 5291
1 9730
1 2796
1 9732
1 5291
1 9734
1 9735
1 5933
1 9737
1 8616
1 9739
1 9740
1 3277
1 9742
1 9743
1 6712
1 9745
1 9746
1 3277
1 9748
1 6712
1 9750
1 3277
1 9752
1 9758
1 9754
1 9755
1 9756
1 9757
1 390
1 9759
1 9760
1 6337
1 9762
1 9763
1 8865
1 9765
1 6257
1 9767
1 9770
1 9769
1 2593
1 9771
1 9772
1 9040
1 9774
1 9775
1 2593
1 9777
1 9778
1 9040
1 9780
1 9781
1 2593
1 9783
1 9040
1 9785
1 2593
1 9787
1 9788
1 7870
1 9790
1 3136
1 9792
1 7870
1 9794
1 9795
1 6274
1 9797
1 9279
1 9799
1 3034
1 9801
1 9802
1 5410
1 9804
1 5239
1 9806
1 7194
1 9808
1 9809
1 4061
1 9811
1 9814
1 9813
1 7022
1 9815
1 5601
1 9817
1 9672
1 9819
1 9820
1 5601
1 9822
1 9823
1 9672
1 9825
1 5601
1 9827
1 5573
1 9829
1 9830
1 8625
1 9832
1 9833
1 1285
1 9835
1 9836
1 8625
1 9838
1 9839
1 8258
1 9841
1 9842
1 9845
1 9844
1 4228
1 9846
1 9847
1 8799
1 9849
1 9850
1 4228
1 9852
1 9853
1 8799
1 9855
1 4228
1 9857
1 9858
1 8799
1 9860
1 9863
1 9862
1 8953
1 9864
1 9865
1 3638
1 9867
1 4334
1 9869
1 9870
1 9874
1 9872
1 9873
1 1597
1 9875
1 9876
1 7858
1 9878
1 2798
1 9880
1 9881
1 7664
1 9883
1 9884
1 2798
1 9886
1 9887
1 7664
1 9889
1 9890
1 8277
1 9892
1 9893
1 5015
1 9895
1 5304
1 9897
1 1784
1 9899
1 7690
1 9901
1 8410
1 9903
1 9904
1 3193
1 9906
1 3548
1 9908
1 432
1 9910
1 3548
1 9912
1 9916
1 9914
1 9915
1 236
1 9917
1 7010
1 9919
1 2639
1 9921
1 9922
1 3221
1 9924
1 7031
1 9926
1 9927
1 9529
1 9929
1 7031
1 9931
1 541
1 9933
1 9934
1 6249
1 9936
1 9937
1 541
1 9939
1 9940
1 6249
1 9942
1 541
1 9944
1 6249
1 9946
1 1576
1 9948
1 2143
1 9950
1 9951
1 2891
1 9953
1 9959
1 9955
1 9956
1 9957
1 9958
1 3762
1 9960
1 9961
1 95
1 9963
1 5608
1 9965
1 9966
1 95
1 9968
1 5608
1 9970
1 9971
1 6768
1 9973
1 9974
1 4564
1 9976
1 9977
1 4331
1 9979
1 9980
1 5957
1 9982
1 4331
1 9984
1 9985
1 2084
1 9987
1 9992
1 9989
1 9990
1 9991
1 7905
1 9993
1 4638
1 9995
1 7905
1 9997
1 1230
1 9528
