95
0
1 3
1 2
2 6 8
2 4 8
1 5
2 4 6
1 7
2 10 11
4 9 11 12 29
4 9 10 12 13
5 10 11 13 14 30
4 11 12 14 15
5 12 13 15 16 31
3 13 14 16
3 14 15 36
0
1 17
1 18
2 19 26
2 19 20
1 21
1 18
1 17
1 24
2 23 25
0
1 27
2 10 30
2 12 31
2 14 36
1 28
1 34
1 32
1 32
1 16
0
1 37
1 59
1 39
1 40
1 41
1 44
2 42 61
1 43
1 47
1 45
1 49
1 46
1 48
1 50
1 55
1 51
1 53
1 54
1 52
1 56
1 57
1 63
2 58 61
2 43 58
1 59
1 60
2 65 66
2 64 66
1 65
1 72
1 67
2 68 76
2 69 76
1 70
1 71
1 69
1 73
1 74
1 75
2 81 82
2 77 81
1 78
1 79
2 79 80
1 81
0
2 83 95
1 83
1 83
2 84 95
1 87
1 92
1 89
1 90
2 90 91
3 91 92 94
0
2 83 88
