301
10 69 73 111 119 136 148 159 263 292 295
17 17 25 33 47 67 79 86 94 126 152 185 198 218 232 238 249 280
15 15 18 28 37 82 115 136 138 152 177 186 214 260 274 283
12 20 59 86 97 103 115 153 158 160 229 245 259
14 11 73 94 96 98 105 126 146 165 189 200 240 268 283
16 7 36 43 100 109 113 120 129 162 179 180 214 235 246 252 255
4 134 153 168 175
4 73 139 242 260
1 186
2 65 169
4 17 127 259 281
4 35 98 144 182
7 16 20 103 114 151 176 257
5 46 58 127 225 278
9 136 156 169 180 186 254 266 272 276
8 18 33 79 103 115 183 202 295
17 8 12 39 42 93 115 145 152 160 175 185 190 241 260 266 274 285
13 2 58 75 89 113 121 171 181 184 205 208 231 273
1 81
17 6 16 41 55 63 83 92 100 109 152 158 214 246 257 262 268 282
15 49 95 158 166 172 174 177 190 218 220 231 232 234 244 269
16 4 39 53 84 95 101 129 136 141 165 211 236 239 273 276 298
18 5 26 49 50 51 85 93 95 104 117 120 161 179 185 205 241 261 286
3 133 232 297
6 36 62 201 249 252 296
11 51 56 58 68 76 83 160 175 214 220 278
9 20 34 41 65 99 142 164 236 280
14 81 88 121 129 165 172 178 183 193 194 228 243 246 264
3 96 146 170
5 2 159 203 275 293
18 5 37 70 74 82 117 157 160 168 170 181 198 202 268 270 282 287 297
11 60 69 76 104 108 156 176 187 195 210 263
17 9 60 67 85 114 115 120 165 180 183 189 194 201 213 223 291 297
13 5 10 12 40 43 60 113 123 143 204 209 211 267
3 13 165 263
9 14 38 60 137 156 160 183 220 256
5 170 174 198 281 284
15 46 52 106 126 151 176 233 259 263 270 287 295 296 297 301
9 2 44 50 56 63 84 195 197 278
15 24 46 51 64 93 133 145 162 181 189 190 212 271 283 284
6 58 123 171 192 225 272
11 46 86 114 132 151 159 221 229 248 299 301
14 18 23 30 40 41 68 132 142 171 220 221 228 269 278
3 24 205 240
6 94 220 245 250 260 282
11 21 63 92 123 154 156 187 217 267 283 288
17 7 8 9 11 28 42 53 55 120 132 140 141 166 218 222 279 301
2 68 187
15 8 24 27 32 48 57 78 117 132 202 223 224 250 254 257
2 2 244
16 6 35 37 48 55 67 102 136 147 190 205 215 230 235 253 278
15 16 32 41 84 92 127 140 156 161 173 184 206 268 287 291
10 40 96 158 164 220 223 227 239 277 293
15 9 53 107 139 143 144 156 173 196 250 251 263 266 282 297
7 47 74 87 125 132 249 280
14 31 40 41 71 114 145 186 188 189 190 199 225 249 287
5 127 141 148 207 262
4 50 94 130 258
2 49 227
15 2 24 50 54 55 92 102 112 157 187 191 193 205 263 299
17 4 29 31 95 119 134 138 146 164 168 174 181 209 231 286 289 292
11 60 84 91 104 116 143 233 251 257 271 279
4 29 163 198 250
5 5 200 244 260 284
3 67 192 203
13 43 70 75 79 120 129 157 188 227 233 242 256 283
3 47 66 294
15 39 49 62 63 79 88 89 101 132 142 163 207 212 269 298
11 20 76 104 137 138 163 173 185 188 232 285
8 41 91 123 131 182 210 215 298
7 10 112 231 241 254 256 279
4 101 105 229 245
13 10 29 66 67 121 128 134 146 163 206 238 243 289
2 72 157
8 13 62 76 105 219 233 274 275
12 10 18 23 38 53 58 106 149 174 178 207 256
1 47
15 1 47 58 88 116 125 128 138 180 182 211 213 219 243 271
17 12 26 29 45 68 131 161 162 167 178 180 181 217 218 227 272 290
15 37 48 94 102 117 128 172 201 203 211 215 221 241 268 290
9 3 131 152 156 175 212 230 255 257
1 15
6 140 166 184 221 259 298
6 79 81 114 151 205 299
9 9 96 119 122 155 191 209 269 299
15 5 43 68 73 101 121 129 147 148 152 155 180 185 246 288
4 19 51 193 242
5 81 90 118 147 259
6 3 81 120 167 181 244
3 38 130 294
14 2 28 29 40 129 149 152 161 197 218 227 263 264 300
17 47 55 65 67 70 106 120 159 177 206 222 223 243 255 260 263 264
3 125 200 261
2 29 100
5 62 152 191 208 254
1 282
12 12 85 92 117 147 161 173 182 229 252 273 283
9 12 42 54 68 91 144 158 183 213
14 6 19 107 113 134 135 159 175 230 263 267 284 291 295
8 65 120 131 164 187 190 219 253
1 84
18 75 86 90 109 119 166 176 185 227 241 242 244 263 276 279 285 286 288
17 16 63 69 74 94 134 142 143 167 173 196 201 203 235 246 297 299
14 6 45 79 98 110 119 161 172 182 199 225 259 292 296
7 40 74 197 201 202 244 273
2 221 236
1 195
7 9 28 80 216 273 278 288
13 20 42 50 67 116 117 191 213 230 238 268 273 282
14 6 30 52 63 96 106 155 172 220 225 226 261 264 285
8 8 30 113 115 122 127 175 187
15 8 20 28 68 94 131 133 149 163 201 204 206 237 256 301
14 21 71 73 84 102 111 119 127 155 171 242 274 277 292
6 15 66 208 249 290 299
4 15 60 156 206
3 106 156 226
16 8 21 62 134 135 137 187 192 198 200 239 262 264 270 272 290
2 216 232
9 2 11 70 90 115 142 203 290 296
12 12 14 37 42 47 70 145 156 163 228 241 290
9 11 14 40 76 89 141 172 217 298
9 16 34 80 85 130 137 178 190 197
18 31 51 60 90 124 144 150 157 177 178 192 204 259 268 270 272 277 282
11 10 13 40 84 130 144 169 176 196 211 250
10 24 27 40 60 66 104 127 132 168 264
12 6 29 35 72 77 83 88 143 209 287 295 301
8 16 62 152 165 200 231 247 276
10 27 40 122 155 165 198 226 245 272 288
13 11 45 50 120 133 151 174 177 211 225 248 260 297
5 20 30 170 204 276
18 25 32 33 37 60 76 88 106 124 128 140 193 203 208 237 240 254 267
16 22 31 54 61 63 65 77 79 114 118 135 164 202 224 257 269
17 5 19 28 43 57 72 150 174 185 193 200 206 219 222 250 252 255
12 2 15 38 40 73 89 93 97 120 229 234 265
3 15 205 299
12 72 91 120 155 172 176 181 184 224 225 232 286
17 19 37 44 45 62 73 110 133 151 201 210 231 235 283 290 295 301
12 25 53 110 152 168 183 190 231 234 243 244 294
12 62 66 75 77 90 151 160 164 186 233 234 255
6 112 117 209 227 292 293
3 98 223 267
9 13 37 64 84 136 158 254 271 297
18 2 41 45 56 59 113 145 153 205 218 237 243 273 275 277 281 288 295
3 6 24 205
3 6 149 153
16 22 27 31 33 34 49 54 72 76 99 142 160 184 190 274 279
16 3 8 20 33 102 119 144 215 236 243 244 250 265 270 280 295
2 48 107
15 4 5 49 61 90 91 116 119 157 194 203 207 233 251 290
5 6 28 115 202 224
10 26 85 99 103 118 158 187 260 273 298
10 14 16 19 30 92 122 128 187 227 291
8 40 59 150 174 235 272 284 296
3 12 59 69
4 123 190 220 281
16 12 30 39 74 118 122 129 145 148 153 186 196 203 224 232 250
7 12 82 130 170 185 256 280
13 30 35 139 153 204 209 213 225 229 255 257 262 273
16 4 27 30 31 36 44 64 100 115 116 139 149 194 206 211 293
18 14 17 24 40 50 57 66 69 72 98 99 163 181 187 191 243 276 279
18 7 23 54 57 81 86 148 149 160 163 192 201 225 243 260 284 290 294
9 15 102 179 184 203 206 208 225 281
14 26 35 52 71 156 171 179 183 204 214 227 268 274 277
13 13 37 61 99 106 133 189 213 232 240 264 280 287
16 19 57 91 99 102 109 129 141 148 150 202 221 235 248 275 284
7 22 56 58 124 149 156 290
18 18 34 63 74 77 116 130 131 135 142 169 170 187 190 254 287 288 289
15 9 10 41 42 102 114 128 184 201 211 242 263 264 287 292
15 1 68 73 85 92 105 161 179 236 243 260 262 268 285 296
16 20 23 27 76 83 88 129 162 177 191 194 197 212 262 267 271
7 5 61 64 108 109 138 161
16 1 40 50 72 73 85 94 113 128 147 193 228 244 245 297 300
17 3 5 9 13 38 107 120 132 144 157 159 202 208 219 237 273 287
1 88
16 4 7 52 53 91 97 101 105 106 231 242 253 255 258 287 293
1 261
8 31 73 88 94 99 225 272 277
3 48 171 173
5 25 104 141 227 268
15 22 51 56 67 71 95 100 116 130 178 207 210 238 267 281
1 15
2 79 280
12 3 54 152 160 186 208 210 221 222 230 247 259
12 24 31 43 71 135 140 166 219 224 258 281 291
3 104 146 288
11 6 27 42 108 127 187 205 210 231 264 300
6 28 71 190 241 249 287
6 34 75 93 167 177 211
18 6 12 36 62 65 76 95 108 112 118 150 156 168 174 219 283 286 287
1 98
7 106 155 164 221 247 280 297
9 6 11 54 108 163 216 228 241 297
7 81 118 138 152 271 281 296
15 6 26 35 107 109 135 149 154 170 181 192 229 255 274 296
17 11 31 63 66 86 96 114 127 128 194 211 233 242 247 255 264 271
12 21 36 56 118 138 141 167 190 198 226 261 265
2 239 301
4 26 101 169 176
2 153 154
16 2 16 28 50 59 76 106 115 151 160 185 204 209 243 273 286
18 16 47 69 75 95 102 111 118 126 177 200 210 227 256 262 277 278 294
15 13 44 104 107 114 142 180 183 194 203 214 236 250 258 300
13 4 29 61 72 77 111 127 165 216 218 262 267 287
14 14 34 35 49 57 78 101 125 169 174 230 237 267 284
10 5 92 130 173 184 208 228 247 278 298
10 10 30 37 85 99 111 151 159 196 250
5 100 123 124 260 267
3 195 223 226
18 4 18 37 42 103 114 116 127 161 163 203 207 212 230 232 233 276 287
3 6 32 199
11 25 61 83 179 214 249 252 264 283 291 293
17 9 37 41 67 95 105 117 122 128 176 203 216 219 224 228 244 270
16 15 29 53 71 72 73 74 79 85 107 109 149 152 170 199 229
17 11 12 13 31 41 77 114 137 148 163 180 193 207 232 247 274 298
7 38 113 127 171 206 253 254
2 141 239
13 23 42 48 73 81 84 92 139 144 171 205 243 264
6 38 94 122 168 214 236
8 36 75 105 210 238 242 265 299
16 58 76 91 96 103 122 123 132 154 173 217 226 230 253 261 262
8 4 65 142 157 196 224 248 251
9 59 111 128 130 134 165 249 253 279
2 153 210
13 9 12 82 116 120 136 141 247 264 283 285 295 298
5 19 157 179 199 274
4 80 153 209 242
17 13 15 21 46 48 64 84 99 111 118 127 187 211 242 252 257 296
18 51 90 97 138 145 148 149 174 180 216 222 223 239 250 269 286 287 296
1 234
6 79 113 228 250 257 263
12 19 40 60 61 85 150 151 172 220 229 263 301
13 15 61 93 132 159 163 176 184 211 226 253 277 279
9 22 30 51 54 78 87 139 175 242
12 63 97 99 105 163 170 264 267 274 289 295 299
8 8 65 75 104 171 191 213 287
1 50
8 58 64 71 92 99 118 152 257
13 15 31 52 125 128 129 176 178 200 205 282 287 295
14 22 53 68 87 110 139 146 170 179 230 232 234 275 299
2 17 246
17 28 83 92 93 102 127 128 138 201 204 222 231 250 252 261 284 300
2 150 192
12 2 10 65 95 116 157 159 162 181 192 210 247
18 31 32 33 47 54 82 100 104 108 174 175 202 207 239 249 255 271 300
8 18 137 165 197 232 238 252 282
4 108 173 193 200
14 27 34 100 155 166 169 178 192 205 208 227 232 279 289
16 40 54 62 63 69 146 158 169 174 186 203 226 232 250 264 292
7 62 98 117 132 210 222 245
17 17 44 49 55 84 96 195 201 202 234 245 263 268 269 286 291 295
13 17 32 36 74 83 95 123 127 225 242 263 278 300
18 25 39 47 54 99 134 154 159 160 182 187 198 202 206 207 254 275 295
1 89
14 37 47 60 81 110 149 188 197 219 220 247 269 291 293
5 43 44 100 120 175
10 36 56 92 124 183 198 210 233 253 259
1 219
12 10 27 42 50 63 83 109 114 138 140 226 255
8 36 53 84 111 131 145 163 203
7 54 57 69 107 201 228 286
9 3 13 50 65 75 108 186 201 248
11 10 30 32 49 81 94 97 134 146 216 233
4 104 109 178 202
14 7 35 41 43 56 66 84 100 135 160 176 212 241 270
2 162 256
15 4 5 26 39 61 77 151 159 174 187 234 248 252 263 288
14 13 61 66 69 84 112 200 210 222 270 271 283 285 294
7 39 75 134 167 194 223 224
4 13 45 63 93
2 179 251
7 4 25 28 123 135 167 193
5 13 28 159 199 221
3 14 56 90
6 21 60 186 218 233 291
4 1 36 39 106
5 111 112 121 143 196
4 17 103 179 272
3 154 282 300
2 173 196
3 63 264 265
2 66 210
5 15 42 68 147 236
12 2 17 74 95 126 164 168 198 228 249 258 301
18 41 53 55 59 64 79 86 100 106 118 151 170 172 221 225 296 298 301
16 1 18 47 60 69 108 120 135 150 152 153 154 168 169 229 246
11 11 56 59 90 125 149 161 192 193 197 291
14 11 21 30 36 47 84 152 153 200 202 229 261 267 274
13 8 12 31 38 41 109 212 216 224 249 273 285 293
10 52 111 147 178 186 232 246 283 285 294
6 30 49 76 190 269 291
4 80 92 227 255
5 13 56 207 270 284
12 17 19 49 115 130 133 141 148 208 211 213 290
17 1 60 69 81 100 106 129 163 172 175 206 214 244 248 249 264 271
8 67 83 88 105 128 155 245 262
3 240 281 297
14 3 16 18 37 39 89 111 114 118 128 131 141 155 237
12 28 67 144 153 173 190 212 230 261 266 268 269
11 27 64 74 77 79 112 114 184 233 254 276
5 25 129 226 262 292
15 2 46 82 89 91 94 95 117 181 203 233 241 268 288 289
