100
5 2 86 31 50 61
2 38 69
4 92 74 62 4
4 49 98 32 79
1 53
4 78 29 88 57
2 53 55
1 69
2 71 78
3 91 95 8
3 19 3 81
3 31 84 45
1 23
3 45 53 100
5 50 39 69 29 74
3 62 94 61
5 27 61 32 74 40
2 87 61
3 68 44 80
1 93
3 98 10 15
4 23 63 48 62
2 66 88
5 58 57 5 71 56
2 8 77
2 94 35
5 70 66 23 45 63
5 48 45 14 81 72
2 49 41
4 7 51 73 86
5 74 39 85 24 80
4 17 16 29 66
5 92 71 24 88 56
2 84 81
4 15 21 75 5
1 81
3 48 54 74
4 81 89 94 67
1 48
3 88 57 91
1 96
4 76 16 34 10
2 69 48
3 37 48 6
4 81 99 96 37
1 14
5 81 73 79 20 21
4 10 82 33 96
4 13 11 32 86
3 93 1 54
1 92
4 62 90 67 14
3 70 96 1
2 2 60
5 96 95 27 38 32
5 12 15 1 40 7
4 16 65 61 93
3 47 99 13
5 54 61 89 35 18
1 78
1 47
2 7 56
2 32 54
3 43 25 47
4 51 48 40 27
4 92 9 4 85
5 48 16 84 9 77
5 19 43 27 20 31
1 42
2 84 89
2 97 61
4 68 28 20 42
1 89
5 70 72 66 24 88
1 14
4 13 100 50 7
1 91
1 91
2 18 29
2 86 29
4 84 38 10 82
5 10 40 28 11 81
4 84 10 93 97
2 89 80
2 49 63
5 76 80 48 58 97
2 94 97
1 2
2 12 3
4 87 71 84 75
4 32 93 75 61
2 6 28
5 97 98 62 39 49
3 43 5 26
5 21 86 19 68 89
1 76
3 8 60 54
2 42 65
4 30 62 12 86
5 76 58 94 74 64
