301
17 129 126 206 245 17 257 287 70 204 57 263 121 77 82 181 292 124
1 144
11 231 165 296 36 183 121 234 97 4 87 136
10 211 112 19 73 172 45 106 25 78 116
2 250 241
12 36 10 217 236 171 219 174 164 181 293 103 221
8 106 19 91 248 257 164 287 236
2 198 187
11 120 153 176 285 68 102 249 119 76 282 105
9 143 32 255 34 48 18 78 79 96
13 10 296 189 177 273 74 43 5 213 79 66 4 300
1 132
2 238 30
2 174 94
10 32 137 3 250 122 165 124 121 25 11
18 174 237 170 149 188 71 78 229 263 265 12 5 162 86 51 220 9 217
14 45 130 215 26 244 179 289 296 285 193 151 2 135 294
15 206 149 196 182 49 129 148 63 263 75 65 205 87 207 78
4 200 253 208 108
11 150 142 223 278 135 294 4 229 57 284 215
1 177
7 70 268 277 1 197 286 102
1 278
5 245 241 243 252 33
1 168
6 280 105 300 102 67 120
7 295 189 194 240 297 164 92
16 12 53 273 276 179 106 33 285 48 158 226 95 141 172 166 192
6 126 212 108 293 199 262
4 204 208 261 27
2 161 222
7 85 294 97 93 128 140 36
16 212 111 120 234 132 13 188 263 23 32 150 251 207 110 296 49
7 147 171 103 254 158 259 211
8 201 279 49 69 90 238 84 105
7 280 76 169 185 181 27 144
5 256 192 21 70 201
14 116 296 227 164 45 144 59 205 223 103 3 165 69 278
8 61 156 100 63 22 43 220 238
11 196 176 228 246 146 197 253 251 55 194 78
11 82 21 8 215 64 222 296 179 151 154 60
2 253 124
16 219 122 51 233 290 91 244 31 253 256 128 23 292 37 212 137
13 76 115 136 135 153 290 61 233 252 273 158 257 98
13 187 14 156 148 270 92 176 67 118 209 144 58 284
16 184 230 231 106 287 257 218 274 294 63 1 292 232 2 55 209
8 211 147 17 34 160 164 207 142
16 77 250 35 157 70 251 165 301 212 123 127 90 9 217 194 61
5 278 28 184 174 77
6 20 203 25 100 277 86
11 254 143 9 98 119 245 238 71 110 39 225
10 91 199 57 167 11 231 129 31 130 82
7 249 33 141 85 82 10 297
2 157 173
11 101 109 259 167 114 23 162 279 5 242 264
3 108 260 225
13 247 241 55 218 264 164 217 283 135 234 22 288 99
18 25 277 13 171 299 204 135 157 233 103 89 32 52 40 34 146 220 8
16 240 63 44 31 82 165 198 66 87 175 237 30 169 217 115 156
17 47 161 75 208 291 58 217 265 272 277 41 109 235 240 227 20 181
11 217 115 33 279 248 62 197 80 268 7 101
11 184 41 162 164 39 76 56 19 182 140 178
18 196 105 131 270 28 83 87 53 172 45 89 124 253 138 208 283 230 180
4 212 179 223 240
18 172 278 47 20 214 221 184 129 105 23 167 292 239 217 75 77 76 154
8 289 44 32 179 21 145 180 131
6 96 293 215 86 153 32
13 224 48 115 117 35 196 295 147 121 99 83 241 269
13 87 225 21 260 47 276 292 64 231 173 259 179 108
5 116 275 236 107 218
16 136 64 95 74 294 253 220 257 147 13 210 236 250 297 105 126
11 153 157 283 198 62 126 146 262 251 41 296
2 268 296
14 13 78 111 221 299 136 134 143 17 27 242 110 161 60
8 218 282 275 111 114 112 239 192
8 133 190 202 44 56 129 119 145
15 216 294 8 93 64 60 81 124 217 25 14 12 66 179 146
7 122 1 187 240 34 50 290
5 213 35 203 234 102
12 91 247 278 115 24 196 10 126 194 215 189 176
10 64 80 127 289 119 10 295 98 67 225
2 13 198
7 125 55 275 247 204 160 115
17 210 77 123 291 130 300 296 104 257 192 29 294 24 220 26 46 217
5 281 105 63 24 295
12 262 15 88 231 120 164 191 150 172 2 211 275
7 210 117 19 211 77 33 293
2 115 299
1 225
13 49 185 125 232 170 41 111 204 277 230 126 98 301
11 205 191 12 38 209 299 225 51 288 117 259
6 215 270 50 247 230 111
5 228 112 51 185 29
18 198 86 27 221 270 35 233 196 138 213 171 72 210 115 33 245 45 135
2 37 248
13 74 87 211 289 299 261 51 293 113 265 190 281 206
2 102 24
17 135 241 177 4 50 133 97 18 248 221 46 189 105 224 93 237 24
12 203 32 286 84 121 95 225 231 112 218 132 61
3 51 273 59
16 208 159 8 92 51 41 136 198 260 237 151 28 54 18 216 292
7 165 234 271 94 99 121 127
7 252 74 254 80 79 289 129
13 250 24 43 140 224 163 36 131 87 199 246 290 274
9 52 219 150 260 67 202 20 5 124
3 209 265 78
18 92 137 176 158 243 178 2 219 287 204 14 83 106 216 230 47 79 30
11 16 75 137 43 159 250 158 13 12 141 129
18 144 113 30 251 219 65 93 211 4 60 241 287 227 88 17 64 131 19
6 28 272 157 34 43 126
17 172 126 176 259 67 296 154 222 21 29 294 28 265 205 68 255 163
15 280 293 97 185 141 268 214 24 277 199 20 73 297 100 13
13 206 29 130 84 292 75 94 110 287 251 256 171 64
2 242 45
1 218
6 13 46 198 109 280 289
10 13 143 215 8 298 96 188 27 105 51
12 178 47 8 239 215 202 99 289 89 81 164 157
15 85 230 134 193 269 250 273 13 247 186 61 110 201 208 162
18 222 251 92 12 244 180 46 73 249 58 95 140 33 161 209 55 88 78
16 93 89 173 206 196 32 81 90 45 207 218 116 69 236 71 225
4 76 226 84 189
6 222 241 139 291 38 299
9 137 139 295 173 301 97 186 112 298
12 33 156 13 165 161 45 243 269 241 198 167 128
2 234 20
7 104 85 241 225 106 208 75
6 177 16 143 188 139 174
13 123 118 297 168 56 200 135 120 191 155 133 264 4
8 229 153 45 128 71 246 15 125
7 256 38 201 230 99 150 86
5 241 168 88 124 187
13 120 274 15 19 180 130 3 66 189 190 209 172 156
5 157 287 214 2 277
14 115 137 85 20 112 192 163 264 105 8 277 52 58 23
15 138 269 86 59 224 212 160 91 283 143 289 173 107 258 134
17 281 144 171 245 200 153 176 65 33 16 267 206 108 147 278 35 101
3 136 139 63
2 47 1
11 83 127 183 42 25 66 92 117 260 280 234
11 48 274 91 39 236 284 256 213 4 128 52
14 144 40 141 91 126 35 278 282 229 226 159 27 76 236
3 282 225 159
6 188 100 98 292 240 158
16 10 142 118 112 22 91 279 197 92 98 235 277 80 32 111 193
5 196 223 76 277 168
1 99
11 68 113 119 48 94 271 87 288 219 182 179
18 257 277 116 2 209 83 21 169 167 296 33 47 227 251 292 273 172 280
5 99 20 200 116 136
18 122 280 217 145 285 49 143 68 206 47 87 286 294 296 181 234 185 39
11 158 137 186 63 244 36 131 60 202 16 249
15 253 119 277 176 255 232 108 265 102 180 64 278 230 115 258
10 25 84 182 17 219 234 220 108 213 138
16 174 129 94 133 263 102 69 143 189 223 245 112 212 35 279 278
12 247 28 45 301 79 261 287 238 77 123 43 192
16 142 219 197 139 221 137 294 149 101 165 144 185 57 190 52 168
6 37 200 165 298 241 214
16 1 298 241 186 190 117 237 167 103 235 277 61 176 109 266 111
1 178
11 194 117 210 260 264 178 141 267 149 76 164
6 142 69 278 83 50 179
12 192 180 45 222 86 271 42 254 6 274 285 173
8 242 291 198 102 110 199 274 17
15 256 272 179 224 297 84 266 6 277 281 75 26 162 253 295
4 199 93 193 143
7 89 22 119 39 182 170 240
4 223 291 274 272
11 6 170 145 163 189 257 39 300 207 231 88
1 151
4 229 22 224 52
18 194 184 221 266 83 279 213 295 252 150 185 164 273 227 5 36 105 211
2 166 258
7 81 72 63 196 74 103 233
17 135 237 103 179 293 38 164 142 5 216 72 255 249 27 104 153 91
1 298
6 236 58 179 206 241 148
18 24 209 25 76 202 243 229 11 101 221 148 39 33 111 236 226 218 179
7 12 281 94 265 115 171 114
10 138 238 203 244 241 22 269 54 70 5
5 35 156 111 241 54
6 297 280 151 188 21 242
15 240 101 60 254 52 282 132 103 47 213 158 149 274 44 54
2 209 1
7 298 149 16 233 126 201 208
5 112 295 126 176 55
6 10 292 160 190 188 198
1 116
18 75 1 293 265 21 250 174 147 3 149 120 185 18 188 128 102 91 82
18 278 161 252 273 117 80 276 205 196 49 220 144 95 199 31 9 81 125
17 260 103 276 282 50 42 272 247 6 230 225 284 31 110 60 118 47
9 32 134 289 99 58 159 125 90 30
13 268 175 137 184 229 112 243 218 69 157 262 233 84
2 106 185
8 29 109 226 237 230 86 42 27
12 262 6 213 14 122 269 152 85 97 205 177 260
5 144 34 91 179 285
2 95 236
1 135
13 161 83 219 140 280 49 120 122 4 225 8 266 261
18 203 108 216 222 271 140 31 176 167 264 122 45 210 171 142 219 109 37
10 236 228 124 197 128 25 22 255 21 182
13 95 19 189 157 20 299 68 228 194 3 193 170 2
1 21
17 103 48 72 170 50 208 60 228 237 251 172 230 70 126 206 122 84
2 216 19
4 83 259 212 298
6 114 55 7 264 82 226
17 127 289 172 76 300 18 110 80 258 12 160 126 274 19 68 132 174
12 93 12 297 145 250 173 220 301 114 156 19 234
1 177
17 142 12 37 273 31 48 282 270 113 2 296 39 256 190 254 286 57
3 49 97 64
7 211 28 115 32 157 164 233
4 293 110 283 298
8 245 273 50 116 188 281 242 52
15 248 149 222 294 85 235 271 76 9 101 278 71 134 120 123
15 295 132 48 193 65 99 265 8 274 258 103 186 161 286 159
7 2 149 156 178 140 280 159
18 199 244 127 59 81 33 294 99 146 216 53 184 145 35 1 230 131 123
12 171 278 215 45 10 261 88 242 70 254 246 32
13 287 3 142 89 241 184 231 13 296 272 204 237 200
2 15 247
1 257
2 99 298
3 232 97 113
17 40 206 5 133 258 197 134 81 37 7 129 113 138 178 282 225 207
5 71 33 65 92 134
2 120 274
15 119 115 28 91 52 203 34 156 153 192 223 227 23 76 25
17 247 116 204 163 84 11 3 1 170 258 171 261 62 118 299 243 223
3 76 150 160
15 230 283 169 14 57 207 165 258 143 108 227 260 236 88 72
18 253 292 77 226 89 210 61 153 295 245 91 118 11 255 211 248 112 60
10 173 121 263 209 284 11 214 174 292 57
1 272
2 241 14
14 158 263 12 221 4 294 39 2 149 108 286 83 10 235
3 231 20 226
16 255 288 24 80 92 226 70 48 168 23 296 71 180 81 189 72
14 197 86 56 140 242 45 175 55 295 245 69 35 167 32
4 28 119 244 106
7 120 212 300 76 175 115 245
4 98 103 165 12
7 281 77 187 222 22 137 52
16 52 273 286 245 9 210 272 279 95 229 217 62 24 93 116 149
12 19 16 251 164 188 252 130 286 70 88 240 108
13 49 57 260 236 84 276 23 2 50 140 13 228 202
17 107 290 8 292 101 220 156 58 93 158 169 40 238 133 154 134 12
11 114 75 168 107 14 23 214 187 289 207 126
12 140 5 39 37 258 265 237 261 249 35 294 155
2 202 28
5 78 69 106 282 190
15 44 263 182 271 30 75 79 111 295 266 20 7 90 174 253
5 266 223 193 279 40
13 13 251 289 196 22 28 4 86 271 177 107 224 63
11 25 98 133 264 22 61 70 68 289 234 159
5 249 280 185 283 259
9 222 158 159 231 69 157 169 229 239
10 216 202 283 244 268 299 168 276 7 169
9 234 233 273 34 4 31 105 127 185
1 288
1 5
5 205 271 277 244 158
15 298 270 139 52 97 91 51 242 145 188 92 207 263 191 102
7 252 9 195 94 262 286 295
12 86 174 24 296 60 1 196 295 127 293 6 292
9 10 274 41 35 166 132 259 1 112
15 104 135 218 21 270 56 18 186 160 178 212 164 110 222 132
3 167 57 274
12 192 176 62 3 19 191 137 103 10 223 245 111
18 161 44 247 72 94 90 127 18 87 234 133 213 167 194 134 93 301 41
5 69 207 274 146 128
13 50 100 169 243 299 2 266 209 254 252 67 172 55
18 244 240 177 69 159 256 239 14 210 92 36 284 117 129 230 179 218 158
10 57 243 198 14 300 105 270 76 290 291
16 110 199 66 39 176 59 112 283 95 9 33 142 236 295 94 145
10 233 269 292 294 107 119 1 247 241 177
15 102 118 179 253 108 50 200 274 73 139 300 109 182 80 95
17 262 95 126 283 186 135 162 257 173 32 98 53 179 29 2 207 300
12 240 181 243 46 28 172 38 32 202 218 161 246
5 21 185 189 283 52
11 139 117 15 204 106 96 220 152 187 23 203
2 270 4
17 284 209 54 291 108 120 177 171 217 80 281 220 240 53 135 203 173
6 292 287 132 88 110 277
3 5 128 166
2 55 97
4 168 34 51 155
8 258 152 76 59 85 252 217 99
18 230 199 175 127 292 67 279 57 28 155 249 183 236 125 191 85 232 111
11 183 25 275 194 220 132 261 4 168 42 239
4 257 158 279 244
5 269 32 128 274 69
17 158 122 182 112 27 118 243 88 18 20 232 266 26 65 86 249 148
18 262 44 102 268 140 70 56 250 25 154 197 91 246 290 288 65 1 139
9 15 5 262 225 221 45 172 101 132
10 169 88 71 290 165 276 256 287 151 17
5 204 18 297 54 117
16 186 254 174 190 246 276 149 225 211 68 130 43 129 100 61 156
8 163 100 167 95 204 186 145 267
